1.9437155724e+00 8.1688541174e-01 2.1598169804e+00 -1.5939751625e+01 -1.1075498164e-01
-1.6330502033e+00 -6.0974144936e-01 -8.6591392517e+01 3.2658798218e+01 -4.2245931923e-02
-1.6038960218e+00 -1.1112827063e+00 -3.7615264893e+01 2.7487876892e+01 6.9474577904e-01
2.3817849159e+00 7.5378048420e-01 -9.2513918877e-01 -1.7240418196e+00 1.9082672894e-01
1.6464301348e+00 6.1904561520e-01 -5.5325579643e-01 1.1422351599e+00 2.9434440657e-02
3.3964328766e+00 1.2046577930e+00 8.2323515415e-01 1.1692798138e+00 2.3513312638e-01
-1.7592786551e+00 -7.8578263521e-02 -7.3392262459e+00 5.4643807411e+00 4.1960396767e+00
-2.6959841251e+00 -1.2810373306e+00 -9.0770184994e-01 1.6764414310e-01 3.8665086031e-01
1.4565335512e+00 3.5133352876e-01 2.4065046310e+01 -2.7944080353e+01 6.5432667732e-01
2.2285172939e+00 9.5693314075e-01 1.3657090068e-01 -2.5154003501e-01 -1.4765332639e-01
-2.1436674595e+00 -7.5657629967e-01 -1.4970457554e+00 1.2001457214e+01 -1.1983490735e-01
1.1743956804e+00 9.5731294155e-01 3.9133164883e+00 5.8121010661e-02 -7.6356714964e-01
-2.5465459824e+00 -9.8010528088e-01 -2.1452746391e+00 -1.4970766306e+00 -6.8192124367e-02
1.3842686415e+00 6.8746185303e-01 8.8949518204e+00 -9.5348224640e+00 -3.0424803495e-01
2.6446340084e+00 1.0593640804e+00 -7.5116831064e-01 -8.4343537688e-02 -8.1916935742e-02
-3.4626951814e-01 -8.2724027336e-02 -3.1979721040e-02 4.5880106091e-01 -7.9525105655e-02
-2.1764655113e+00 -7.3822319508e-01 -1.3274079561e+00 1.0376825333e+01 -1.3164912164e-01
-2.6567492485e+00 -8.9334356785e-01 9.0929365158e+00 -1.1834766388e+01 -1.5348930657e-01
-1.2934974432e+00 -5.2560460567e-01 3.9089796543e+00 -6.4330868721e+00 4.2881853878e-02
-1.7417378426e+00 -8.2509762049e-01 -1.0803277493e+00 1.9038427353e+01 3.4905800223e-01
1.5733327866e+00 7.6783001423e-01 -4.1244225502e+00 -1.0129475594e+00 -2.8013151884e-01
-2.0340044498e+00 -7.5474631786e-01 -2.3205602169e+00 9.4582223892e+00 -1.6398824751e-02
8.5699123144e-01 1.5861926973e-01 1.9919700921e-02 2.1328239143e-01 -4.1629309654e+00
9.7519487143e-01 5.5018532276e-01 -1.6783504486e+01 1.6266489029e+01 -2.6519715786e-01
1.9265209436e+00 6.5346431732e-01 -8.1733477116e-01 1.2623853683e+00 6.3782341778e-02
-1.1669449806e+00 -3.5224846005e-01 -9.8703794479e+00 1.3977320671e+01 -1.8817469478e-01
-3.7429073453e-01 1.3025692701e+00 -2.1184740067e+00 8.8164520264e+00 2.1802544594e+00
-2.0721085072e+00 -7.2456991673e-01 -3.1442854404e+00 1.1850286484e+01 -1.9598414004e-01
-2.8068566322e+00 -1.0108642578e+00 9.9584207535e+00 -9.6194162369e+00 -8.0813817680e-02
-1.9056136608e+00 -6.4498549700e-01 -3.1063991547e+01 3.0925912857e+01 -2.0736408234e-01
2.2123532295e+00 9.0705960989e-01 2.9750194550e+00 -1.8394729614e+01 -2.3229464889e-01
2.0997529030e+00 8.5900515318e-01 1.7257312536e+00 -2.0744013786e-01 -6.5004795790e-02
-2.5027756691e+00 -8.7463033199e-01 -1.0722569227e+00 -1.2401887029e-01 -1.4725761116e-01
4.8208972812e-01 -5.3878512233e-02 5.1889676601e-02 -3.0618894845e-02 4.8463866115e-01
-1.8624268770e+00 -8.1897598505e-01 -2.9306051731e+00 -6.8198806047e-01 1.5666195750e-01
-1.8491512537e+00 -7.5713402033e-01 -2.1278281212e+00 1.5959770203e+01 5.9313688427e-02
2.2065505981e+00 6.8241739273e-01 -1.1324946404e+01 1.1350408554e+01 2.4462623894e-01
-3.6013734341e-01 1.3096441329e-01 6.0891071320e+01 -3.4457889557e+01 6.3293516636e-02
1.1395558119e+00 3.7309485674e-01 -3.2865229249e-01 4.2475223541e+00 8.8185772300e-02
-2.3560154438e-01 1.2152760029e+00 1.3419945240e+00 -2.9925343990e+00 1.0551441908e+00
3.3479015827e+00 1.3266941309e+00 4.4586226344e-01 9.6607431769e-02 -2.6176176965e-02
1.7307643890e+00 7.4747627974e-01 -1.2854297459e-01 9.0893590450e-01 -1.9422470033e-01
-1.7761797905e+00 -1.5716950595e-01 -1.2874108553e+00 5.3793153763e+00 -1.1087052822e+00
-1.5746140480e+00 1.0548011065e+00 -1.1297299862e+00 -6.1250138283e-01 -1.9495195150e+00
2.0857229233e+00 6.1845397949e-01 3.0001149178e+00 -7.0808086395e+00 3.5114845634e-01
-1.9615586996e+00 -6.4622622728e-01 6.4626498222e+00 -1.8815706253e+01 -1.8599708378e-01
-2.6247806549e+00 -9.0948051214e-01 6.6514959335e+00 -1.5691277981e+00 -1.6762678325e-01
2.5277633667e+00 1.0509096384e+00 2.1063542366e+00 8.3454322815e-01 -1.5013881028e-01
1.9995809793e+00 1.1838560104e+00 -1.0404646397e+00 6.8640756607e-01 -6.6179466248e-01
-1.7571630478e+00 -6.0196524858e-01 -7.7796614170e-01 1.0492736816e+01 -1.2117873132e-01
-2.2143743038e+00 -9.1365844011e-01 -2.5262167454e+00 2.0971906662e+01 9.3475744128e-02
3.2848393917e-01 2.6792932302e-02 -9.2179156840e-02 2.1553632617e-01 1.1214854568e-01
2.1755654812e+00 7.8824102879e-01 2.4219369888e+00 -1.4465585709e+01 8.0130398273e-02
1.6036089659e+00 6.7410463095e-01 8.5858238220e+01 -4.3413776398e+01 2.8560608625e-02
-1.8688511848e+00 -1.0679504871e+00 -1.3278598785e+00 1.2906161547e+00 4.3073192239e-01
-2.1453592777e+00 -7.9561179876e-01 -5.6656379700e+01 3.3641704559e+01 8.0992899835e-02
1.3809586763e+00 -2.8096489608e-02 2.2782978058e+01 -1.6635940552e+01 8.2015979290e-01
-2.0982832909e+00 -8.3846294880e-01 -3.4784662724e-01 7.6195165515e-02 3.9566420019e-02
1.1730236560e-01 5.4797556251e-02 -1.6775487363e-01 1.8844235688e-02 -1.4896471053e-02
2.5893063545e+00 8.8524776697e-01 1.9447590113e+00 -1.8819521666e+00 1.6467845440e-01
-2.7559885979e+00 -1.1186631918e+00 1.2533296347e+00 5.5082923174e-01 7.0956267416e-02
1.2377754450e+00 4.8864388466e-01 1.0465027618e+02 -3.4887203217e+01 3.0032290146e-02
-1.5323951244e+00 -1.0298231989e-01 -5.1675778627e-01 -2.5756904483e-01 -8.0675852299e-01
-1.8964997530e+00 -6.8348616362e-01 7.5555515289e-01 2.2743337154e+00 -5.9826489538e-02
