-5.1356139593e-03
5.2188965492e-03
-1.7086248845e-02
-4.7014090233e-03
1.2428380549e-02
-8.3334534429e-04
-1.0674729012e-02
-4.4475290924e-02
3.3028680831e-02
3.4964717925e-03
-4.1472627781e-03
-1.2273283675e-02
8.6131449789e-03
1.6475092620e-02
-1.6572828591e-01
9.0503185987e-02
-2.5622565299e-03
-1.1469959468e-01
-4.0450628847e-02
-4.6898485161e-03
2.9541975260e-01
1.9678486511e-02
-6.9934779406e-01
1.8130499870e-02
-1.5629236400e-01
-5.6646466255e-02
-7.2270454839e-03
-5.1673173904e-02
1.5082499012e-02
-1.8453052267e-02
6.3941921107e-03
-2.0115105435e-02
-6.2216627412e-03
-4.4104999304e-01
6.0397218913e-02
5.6890347041e-03
-3.7393528037e-03
6.8884140253e-01
3.6460527778e-01
3.6833863705e-03
-4.0004711598e-02
1.4485804364e-02
1.0330770165e-02
-1.8577691168e-02
-9.7396038473e-03
-1.4716576040e-01
1.3155740686e-02
-1.9144726917e-02
-1.0618769564e-02
-1.0083162226e-02
-9.8165133968e-03
5.7402783632e-01
-5.5594430305e-03
8.2975542173e-03
-4.9170732498e-02
2.8478703462e-03
-2.4256860837e-02
1.4375019819e-03
1.2010992505e-02
1.5638718382e-02
1.8116523279e-03
-3.6514296662e-03
4.1851499118e-03
9.0315222042e-04
