3.1999161839e-01
-3.0010539293e-01
-3.2261905074e-01
4.7527459264e-01
2.1426938474e-01
4.1685140133e-01
3.5720946789e+00
-4.4046106935e-01
-1.4313110709e-01
3.3409932256e-01
-2.7256923914e-01
-1.7736850306e-02
-3.3215355873e-01
2.4511972070e-01
4.0415298939e-01
-2.9110772535e-02
-3.0071014166e-01
-3.1642839313e-01
-1.5300457180e-01
-4.0743133426e-01
2.8685700893e-01
-3.1702965498e-01
4.1926988959e-01
1.1284878105e-01
2.9657649994e-01
-1.4048118889e-01
1.4815115929e+00
-1.8216344714e-01
-3.2952889800e-01
-2.1425236762e-01
4.4772589207e-01
2.9077720642e-01
-3.2437738776e-01
1.2599855661e-02
-2.8384155035e-01
-2.8765389323e-01
1.9240626693e-01
9.4119504094e-02
1.3483026624e-01
1.7896751165e+00
4.8621150851e-01
3.1440785527e-01
3.1545484066e-01
9.2720249668e-03
2.0566290617e-01
-2.0809040964e-01
-2.6419472694e-01
3.9967113733e-01
2.7057340741e-01
-2.3958651721e-01
-3.6259371042e-01
3.7815425545e-02
3.0223810673e-01
1.4698033221e-02
-2.1301737428e-01
-4.5655518770e-01
1.3948534429e-01
-2.9573810101e-01
1.9093971699e-02
3.1593513489e-01
-3.9018699527e-01
2.2572188079e-01
-1.4421375096e-01
-2.6443195343e-01
