2.5199088268e-03
-1.8626260757e-01
-1.4450918138e-01
1.0848534293e-02
1.4936643839e-01
-1.6287760809e-02
-3.5106197000e-01
-3.8275483530e-03
-4.5199957676e-03
6.3278323412e-01
2.4684236851e-03
1.8409115076e-01
-1.5793999434e+00
-1.1365948617e-01
3.2752430439e-01
3.5481056571e-01
5.7973377407e-03
-1.2532204855e-03
-1.6899375618e-01
-9.2384880409e-03
6.8207727745e-03
1.2462548912e-02
-7.8661562875e-03
-2.0283429325e-01
8.2515068352e-03
-4.6277216077e-01
1.3202579021e+00
8.1521952525e-03
-3.0406719446e-01
1.9148799777e-01
1.6581746936e-01
-7.8904580732e-05
