1.1278911829e+00 1.8543592691e+00 3.8682821393e-01 2.3633113503e-01 1.4872515202e-01
-1.6354855299e+00 2.6616408825e+00 -1.8054461479e+00 4.1304097176e+00 -5.1634895802e-01
2.8475053310e+00 9.1554671526e-01 1.3133724213e+01 -2.9867652893e+01 1.3567115366e-01
1.2883551121e+00 3.3680975437e-01 1.1315732574e+02 -4.9166858673e+01 4.9309253693e-02
-2.1240515709e+00 -9.0499299765e-01 -4.6549901962e+00 1.5632530212e+01 2.6607802510e-01
-2.2247900963e+00 -8.1641948223e-01 -1.1124205589e+01 2.7192945480e+01 5.8959748596e-02
1.7680963278e+00 -2.5272819400e-01 -3.5596952438e+00 4.9177494049e+00 -2.7005536556e+00
1.1524995565e+00 5.4814881086e-01 -2.4371667862e+01 2.4700540543e+01 -1.0321404040e-01
-2.1109881997e-01 -2.1589332819e-01 -6.6636025906e-02 -4.3212679029e-01 1.0846161842e-01
-2.7079615593e+00 -4.1706183553e-01 -1.1701469421e+00 -4.2433393002e-01 -7.8101485968e-01
2.2297210991e-01 6.2261885405e-01 4.7489458323e-01 -5.7610511780e+00 -1.4801761508e-01
-3.9774119854e+00 -1.4856297970e+00 -7.6796847582e-01 -6.7245431244e-02 -1.2193174101e-02
-2.1374474466e-01 -7.9569965601e-01 -3.0268209457e+01 2.4845367432e+01 1.0008074045e+00
-1.7968393564e+00 -1.0800584406e-01 -6.4502326965e+01 3.9881164551e+01 -1.0976043940e+00
-1.0260915756e+00 -3.5130202770e-01 -9.0131688118e-01 1.1010011435e+00 -7.8423909843e-02
-3.1831052303e+00 -1.4076653719e+00 -2.8671791553e+00 6.3555711508e-01 4.6893024445e-01
-4.7248377800e+00 -1.9573369026e+00 -4.5771273971e-01 -9.2146259546e-01 1.8781942129e-01
-2.5894114971e+00 -1.0368316174e+00 -1.0358427048e+01 4.2419597626e+01 5.1919072866e-03
4.1080369949e+00 1.6402066946e+00 -1.5493296623e+01 1.2843832970e+01 -8.1358149648e-02
1.1610697508e+00 7.3695158958e-01 1.0042797852e+02 -4.9568164825e+01 -3.1319910288e-01
2.7816019058e+00 9.9047195911e-01 7.1344947815e-01 9.5651203394e-01 1.4961262047e-01
2.9650502205e+00 7.3041307926e-01 3.3240809441e+00 -5.8903002739e-01 4.4730183482e-01
-1.2633088827e+00 -2.7338895202e-01 -4.9465560913e+00 4.4397205353e+01 -3.0768984556e-01
-2.9367036819e+00 -1.0580021143e+00 -1.1663147926e+01 9.3624067307e+00 -1.5501841903e-01
-3.4046051502e+00 -1.0674766302e+00 1.2408807278e+00 -3.6907300949e+00 -3.4703508019e-01
6.8997538090e-01 9.7899216413e-01 1.7180463672e-01 -3.2163374424e+00 -2.2884583473e+00
1.1889889240e+00 3.8730111718e-01 6.3709724426e+01 -4.4703342438e+01 5.6160301901e-03
-1.8523451090e+00 -7.6663631201e-01 -1.1682145691e+02 4.7138648987e+01 -1.2191721238e-02
-2.6745877266e+00 -1.1791073084e+00 -2.4538385868e+00 3.2636532187e-01 2.0961979032e-01
-4.0780835152e+00 -1.5662927628e+00 -1.2086193562e+00 1.8598191738e+00 -3.0093068257e-02
-2.6592237949e+00 -1.2051044703e+00 -1.0334504843e+00 -1.1386522055e+00 3.2454490662e-01
2.9676961899e+00 1.3652548790e+00 1.3082038879e+01 -4.2055789948e+01 -2.4858242273e-01
