-8.8447472081e-03 1.2198403478e-02 -5.3683325648e-02 1.6281308606e-02 5.3703468293e-02 -3.0515693128e-02 6.2671868363e-04 1.9622227177e-02 5.3372764960e-03 -1.3872221112e-02 8.4601854905e-03 4.0080994368e-02 1.3334264047e-02 3.7540718913e-02 -4.9919895828e-02 2.1692228038e-03 -8.5533052683e-02 1.3962543570e-02 -1.2801405974e-03 1.3857285492e-02 -6.9179773331e-02 -8.7052030722e-04 -8.9984916151e-02 6.8758772686e-03 1.2511345558e-02 1.0217897594e-02 -2.1049734205e-02 -6.2753227539e-03 4.5090887696e-02 -5.3771529347e-02 8.9781042188e-03 -3.8879862987e-03
-4.4238555431e-01 2.2676806897e-02 -3.1124808788e+00 -2.4345099926e+00 1.7973971367e+00 4.9623908997e+00 8.3862036467e-02 1.1669633389e+00 5.5505943298e-01 -6.9092166424e-01 -4.9097666144e-01 9.4490736723e-01 1.6542161703e+00 8.3311820030e-01 1.3793725967e+00 4.4666489959e-01 9.2061024904e-01 5.9181933403e+00 -9.0828859806e-01 -3.2505235672e+00 -6.1383652687e-01 -1.1138516665e+00 1.9212220907e+00 5.3234057426e+00 6.3587969542e-01 7.6159872115e-02 -2.8695421219e+00 4.8231768608e+00 1.4053932428e+00 2.2715249062e+00 9.2164846137e-03 -4.2104067802e+00
7.7756673098e-01 3.1350010633e-01 -4.0959179401e-01 -5.8236312866e-01 -6.3833519816e-02 7.5094515085e-01 -4.4423604012e+00 1.4781738818e-01 7.5833129883e-01 -7.7788996696e-01 -2.4255426228e-01 -1.0030011088e-01 1.1941708326e+00 8.9710928500e-02 -1.1339470148e+00 1.0323406458e+00 8.8964283466e-02 -7.6517069340e-01 1.3614261150e+00 3.3636623621e-01 1.9894009829e+00 4.3370315433e-01 1.5518818796e-01 -5.4629462957e-01 -1.7885947227e+00 -9.5564931631e-01 2.0991997421e-01 -8.4388464689e-01 -1.8376079202e-01 6.8503648043e-02 2.8399959207e-01 6.5557694435e-01
1.3563768007e-03 4.5936279930e-03 9.9849082530e-02 -1.0103061795e-01 -3.3293414861e-02 4.4378008693e-02 -6.4588012174e-03 1.1665291153e-02 4.2498249561e-02 -1.7584744841e-02 8.5062710568e-03 5.6285578758e-03 -4.9958392978e-02 2.6836942881e-02 1.1444464326e-02 -2.5863077492e-02 5.3653094918e-02 -6.2732242048e-02 -3.7472583354e-02 -8.9528419077e-02 -1.0938883759e-02 -1.2984253466e-02 5.4234873503e-02 -1.5206681564e-03 -4.9921087921e-02 -1.0139573133e-03 4.8529472202e-02 -1.3566155732e-01 4.0348093957e-02 1.0594511405e-02 -5.5551785976e-02 -6.7385926843e-02
-1.4978846312e+00 4.6304936409e+00 1.4506872892e+00 2.6725683212e+00 6.6707450151e-01 2.3180082440e-02 -1.0015434265e+01 1.2094703913e+00 7.2001681328e+00 -8.0696332455e-01 -2.0287382603e+00 -2.3031306267e+00 5.4146999121e-01 -2.1929500103e+00 3.9255836010e+00 3.1204204559e+00 1.1567815542e+00 -2.0508098602e+00 2.5406277180e-01 3.4982438087e+00 -1.9016187191e+00 3.5773992538e+00 -1.3824452162e+00 3.1046873331e-01 1.8491944075e+00 -4.4364137650e+00 3.1697142124e+00 -5.8287658691e+00 2.5734765530e+00 -2.9021425247e+00 7.6394829750e+00 1.8782643080e+00
-1.6128243506e-01 -8.4447920322e-01 -1.8920819759e+00 -1.0993730277e-01 1.6743050814e+00 1.3147398233e+00 -1.8514703959e-02 -2.4909920692e+00 4.8247054219e-01 1.6833367348e+00 6.6489637829e-03 1.0005882263e+01 -8.6199939251e-01 -4.3250429630e-01 5.9005457163e-01 4.0220761299e+00 1.1616873741e+01 2.2615387440e+00 -7.4853320122e+00 1.1382051706e+00 -4.4680399895e+00 -1.4995081425e+00 -4.3446296453e-01 4.2077212334e+00 5.6897163391e+00 4.9067384005e-01 1.0543893576e+00 3.5873588920e-01 3.0715389252e+00 6.7021059990e+00 2.9054174423e+00 -2.7526876926e+00
2.9971840978e-01 -4.6325957775e-01 -1.0979540348e+00 -1.3468490839e+00 1.1285655200e-02 2.2648417950e+00 -3.8832426071e-01 7.4430215359e-01 3.1965965033e-01 1.4644917846e-01 -6.7165488005e-01 1.0798254013e+00 6.2147438526e-01 -3.1370976567e-01 -1.9413721561e-01 -1.9090980291e-01 2.3057210445e+00 1.0561448336e+00 -6.6736042500e-01 -7.4253535271e-01 7.3405280709e-02 -6.5624344349e-01 -8.5332244635e-01 4.4530857354e-02 4.8991858959e-01 4.4850209355e-01 2.1293270588e-01 4.3196251988e-01 -1.3228923082e-01 3.2435578108e-01 -8.7075316906e-01 -1.5865805149e+00
1.4364358038e-02 -1.3045896776e-03 1.0554341972e-01 -6.3682869077e-02 6.2170665711e-02 9.9484533072e-02 -4.2023169808e-03 2.4031787179e-03 2.7739612386e-02 2.9134549201e-02 -2.1626591682e-02 -6.5176631324e-03 -4.8147324473e-02 3.1498346478e-02 -7.1432679892e-02 -7.6354384422e-02 3.6256186664e-02 3.3637627959e-02 1.6717851162e-02 -6.7157439888e-02 7.9785577953e-02 -9.2840092257e-03 -1.1348998174e-02 -3.7739574909e-02 2.2287808359e-02 -5.9936330654e-03 3.7252552807e-02 -7.1919471025e-02 1.4419090748e-01 1.7083121464e-02 -8.7463362142e-03 1.2003583834e-02
-8.1227002665e-03 -6.5326970071e-03 5.1846388727e-02 -9.5032062382e-03 2.8611326590e-02 -2.6860853657e-02 1.3190162368e-02 -1.8095314503e-02 1.3167264871e-02 -9.7724515945e-03 1.6411899123e-03 -9.4473082572e-03 3.1861334573e-03 -4.4983692467e-02 -1.7989061773e-02 7.7742829919e-02 -8.1591056660e-03 1.7976830900e-01 -1.0704025626e-02 -1.2126866728e-02 -3.6800418049e-02 -1.9155260175e-02 4.9784477800e-02 1.5693707392e-02 -1.6161048552e-03 -1.5445041470e-02 -1.9270511344e-02 -6.2996387482e-02 -1.8235248327e-01 2.5404689834e-02 -7.0585925132e-03 5.1227297634e-02
-3.6290857941e-02 -1.0882917792e-02 1.0897581577e+00 -6.7027226090e-02 -3.8441202044e-01 -4.6224606037e-01 -6.3216917217e-02 -7.7955347300e-01 2.1783862114e+00 1.0507194996e+00 8.5527598858e-01 3.4835383296e-01 -4.7332561016e-01 -8.9755076170e-01 7.7922187746e-02 -8.6517453194e-01 -2.4853534698e+00 4.1513687372e-01 2.0551552773e+00 -4.3410232663e-01 -9.9690437317e-01 -6.2035906315e-01 -1.0023949668e-02 -1.4871859550e-01 3.3427596092e-01 3.4778016806e-01 7.6345241070e-01 7.2992610931e-01 -4.2463359237e-01 8.0728608370e-01 -2.9993772507e-01 -1.4224485159e+00
-4.2589558288e-03 6.0350154527e-03 4.4351171702e-02 -4.8485808074e-02 5.6852083653e-02 7.6320588589e-02 1.8607957289e-02 3.6929242313e-02 -4.1939087212e-02 -1.4882749878e-02 -4.3749203905e-03 4.3988436460e-02 -5.9260599315e-02 2.5553137064e-02 4.8425596207e-02 -8.2522839308e-02 -3.6465436220e-02 3.4023504704e-02 -1.7579298466e-02 -9.9938124418e-02 9.5847912133e-02 -1.8331708387e-02 -7.1154110134e-02 -1.2791176327e-02 -5.6505872635e-04 -6.4379656687e-03 -7.4646696448e-02 -1.4239838719e-01 2.1265655756e-02 1.4513009228e-02 1.1511250585e-01 -1.1784424074e-02
-6.9475859404e-02 -1.7565950751e-01 -5.4017157555e+00 -3.8179335594e+00 2.3477568626e+00 8.2004308701e+00 8.1824108958e-02 2.1753890514e+00 -3.1522920728e-01 8.7474799156e-01 -4.7408822179e-01 2.4561548233e+00 1.9563814402e+00 2.6014082432e+00 5.7601958513e-01 1.2343779802e+00 1.9475535154e+00 1.0655306816e+01 -5.0741690397e-01 -4.2266821861e+00 -1.5062959194e+00 -1.1174675226e+00 4.2975893021e+00 5.8847084045e+00 1.2432070971e+00 -4.0954101086e-01 -4.8207354546e+00 4.4284954071e+00 1.7151993513e+00 2.6682443619e+00 1.0641235113e+00 -6.7386651039e+00
-7.5754410028e-01 -1.9974776506e+00 2.0294301212e-01 5.8466248512e+00 -1.1799738407e+00 -6.9628697634e-01 4.6381678581e+00 -9.5485371351e-01 3.8746085763e-01 3.0069668293e+00 -1.9859600067e+00 1.2054965496e+00 -1.4176442623e+00 4.9390683174e+00 6.4123630524e-02 -6.1131471395e-01 -1.2917810818e-03 -3.1338393688e-02 -1.5674804449e+00 -9.5231756568e-02 -4.1723158956e-01 -1.1053972244e+00 3.0111956596e-01 1.8962781429e+00 8.6508977413e-01 2.1701204777e+00 -4.9791234732e-01 1.4061106443e+00 1.9901385903e-01 1.9132409990e-01 -3.6480324268e+00 -1.1321738958e+00
-2.6467058063e-01 -2.9385358095e-01 -1.0692348480e+00 2.1403028071e-01 5.2558850497e-02 7.3738759756e-01 -2.0534133911e-01 -8.0047190189e-01 4.7915714979e-01 1.2293643951e+00 -2.7765291929e-01 8.2588548660e+00 1.6591952741e-01 -3.9116537571e-01 4.2718893290e-01 2.7146503925e+00 8.7872285843e+00 5.2302378416e-01 -3.6321961880e+00 -1.8603123724e-01 -4.4248933792e+00 -2.0496313572e+00 -4.9453103542e-01 2.4469189644e+00 4.3564434052e+00 1.3072283566e-01 -4.5102991164e-02 -4.0033099055e-01 2.4435441494e+00 4.5156531334e+00 2.3165910244e+00 -1.0436360836e+00
6.9823575020e-01 -3.9960525930e-02 2.2178865969e-01 -3.8931840658e-01 -1.1651191860e-01 3.4443151951e-01 7.3394131660e-01 2.9976335168e-01 -7.6730775833e-01 7.0741534233e-01 -4.9910938740e-01 -2.9723212719e+00 3.3477783203e-01 7.4578747153e-02 1.6895796359e-01 -7.7085441351e-01 -1.9267278910e+00 -1.1527764052e-01 1.4256975651e+00 9.6184432507e-02 1.9022213221e+00 2.3688564301e+00 3.6011397839e-02 -1.9247636795e+00 -1.3187510967e+00 9.1567796469e-01 5.9738630056e-01 -1.9753873348e-01 1.0498348624e-01 -7.7282124758e-01 -6.6664052010e-01 3.1727832556e-01
-7.0835506916e-01 -4.5311185718e-01 -5.8559787273e-01 6.7244946957e-02 -1.2863901854e+00 3.9268547297e-01 -1.2214750051e+00 3.2771602273e-01 -3.7970295548e-01 2.4652159214e+00 1.0644215345e+00 1.7064388990e+00 -1.1760512590e+00 3.7462335825e-01 -1.0195665061e-01 2.7054053545e-01 3.0527934432e-01 3.4863367677e-01 1.4689880610e-01 7.7515107393e-01 5.8116436005e-01 -2.8539440036e-01 4.5431211591e-01 4.9234196544e-01 -4.9166563153e-01 -6.1277814209e-02 9.1994285583e-01 2.6765459776e-01 -1.0048310757e+00 8.2749551535e-01 -5.3277719021e-01 -8.7287294865e-01
2.9080854729e-03 -1.1698482558e-02 5.9674646705e-02 -2.7897572145e-03 3.3686760813e-02 7.5963616371e-02 -2.2827042267e-02 -4.4346805662e-03 -1.2117334642e-02 -1.7287541181e-02 1.0941731744e-02 -2.5245914236e-02 -5.8549488895e-03 -1.4597740024e-02 1.1034909636e-02 -2.1298790351e-02 -1.0989128612e-02 1.8464210629e-01 1.9076491008e-03 -2.2590951994e-02 -5.0389040262e-02 1.3567874208e-02 -2.2062664852e-02 -1.4523581602e-02 -2.1008137614e-02 3.2904777676e-02 1.8828198314e-02 2.8237593360e-03 2.8156755492e-02 4.4252160937e-02 4.6095512807e-03 1.9396290183e-01
-2.2234082222e-02 1.8524672836e-02 -9.7583085299e-02 -1.6710529104e-02 1.2728939764e-02 -6.9990448654e-02 -1.3302040286e-02 4.3609151617e-03 1.5700824559e-02 9.0537063777e-02 8.1097874790e-03 -3.9237070829e-02 4.0193054825e-02 3.4883338958e-02 -1.0866031796e-01 2.6852788404e-02 -1.7612596974e-02 1.0331747681e-01 1.9035428995e-03 1.8411690369e-02 6.0806315392e-02 -1.1461026967e-02 -8.9723318815e-02 2.1091617644e-02 7.4165896513e-04 1.2727770954e-02 1.3236662745e-01 6.4841121435e-02 -1.6022220254e-02 1.3348333538e-02 3.5529416054e-02 6.5179832280e-02
-1.4432464540e-01 5.1255559921e-01 1.2203630209e+00 2.9637554288e-01 -1.5217914581e+00 -1.7261108160e+00 -1.3444650173e+00 1.8392394781e+00 1.2874312401e+00 2.8728544712e-01 -2.8116437793e-01 6.0633438826e-01 -3.6741378903e-01 -9.1998445988e-01 1.0063327551e+00 -5.6102949381e-01 1.2378482819e+00 -1.0504926443e+00 1.6236213446e+00 6.4596009254e-01 -7.9849159718e-01 -5.0020214170e-02 9.4617050886e-01 -1.6600589752e+00 6.1427813768e-01 8.1896436214e-01 -1.5726722777e-01 4.7247874318e-04 -2.4310520291e-01 -7.0965445042e-01 -3.5236155987e-01 1.1821992397e+00
3.1141899526e-02 -2.7986757457e-02 8.3185754716e-02 -1.5939965844e-02 -7.5954586267e-02 5.3096726537e-02 1.5497198910e-04 -2.8739970177e-02 -1.6085470095e-02 3.0000489205e-02 -1.8411103636e-02 -3.7512414157e-02 2.9408812523e-02 -4.1870210320e-02 8.8791614398e-03 -1.8757145852e-02 -4.2338445783e-03 -2.4615953863e-01 6.7661129870e-03 -6.3442192040e-03 5.4654264823e-03 2.7902193833e-03 1.2038224190e-01 5.0793666393e-02 -1.0571439750e-02 -1.3040614314e-02 9.1004138812e-03 1.4966124436e-03 1.7592644319e-02 7.2138980031e-03 2.9683524743e-02 -1.3993698359e-01
-1.6016129404e-02 1.6891105101e-02 -2.9087474570e-02 -1.3523689471e-02 3.2944925129e-02 -3.1593408436e-02 1.3177102432e-02 3.4764793236e-03 -2.2773228586e-02 -3.7714600563e-02 2.9558667447e-03 3.9788123220e-02 1.5788717428e-03 3.4396003932e-02 -1.4245879836e-02 3.0442558229e-02 -8.6136706173e-02 -6.5929777920e-02 -9.6749551594e-03 -2.4242850486e-03 -7.7465936542e-02 -4.2900670320e-02 -2.6517277583e-02 -5.2247503772e-03 -6.1509716325e-03 -8.8319322094e-03 -1.9097806886e-02 -5.0624936819e-02 -1.0578805208e-01 -6.8205217831e-03 4.4829592109e-02 -1.0974687338e-01
-6.8096467294e-03 3.4413542598e-03 2.9183950275e-02 7.2288597003e-03 5.4927993566e-02 2.7990592644e-02 -3.0890840571e-03 5.8894883841e-02 -4.7987870872e-02 -2.5901818648e-02 1.4187609777e-02 -1.3851327822e-02 -8.9904107153e-03 -1.7525328323e-02 2.2484049201e-02 -1.7903851345e-02 3.2831169665e-02 1.4617750049e-01 1.4747517183e-02 -1.0867459700e-02 -2.1748682484e-03 1.7356064636e-03 -3.7121929228e-02 -2.5339690037e-03 3.5307340324e-02 8.9335162193e-03 6.2745653093e-02 4.7474090010e-02 4.6973939985e-02 -2.6356032118e-02 -2.5594364852e-02 1.2368041277e-01
1.5544459224e-02 -6.6160261631e-03 1.3177230954e-01 -4.9700841308e-02 9.0809151530e-02 -1.7006574199e-02 -5.6602777913e-03 -6.2155681662e-03 -8.8150398806e-03 4.4180016965e-02 -1.0988053866e-02 2.6827879250e-02 9.0194912627e-03 2.7786565479e-03 -1.5356444754e-02 1.0990864597e-02 5.6782428175e-02 -5.2379842848e-02 1.7974028364e-02 -2.7935031801e-02 -5.0589594990e-02 2.2688966244e-02 9.4363287091e-02 -5.4237704724e-02 8.6626177654e-03 -8.7059875950e-03 9.4560123980e-02 -4.7013249248e-02 -1.4506467618e-02 -7.1627870202e-02 -1.0405660421e-01 -1.2785494328e-01
1.2319621164e-03 -5.1626062393e-01 -6.3462507725e-01 5.7519394159e-01 -7.8145176172e-01 1.1840896308e-01 -2.4433664978e-01 1.4676222205e-01 1.1146400124e-01 -6.5990120173e-01 1.1341984272e+00 1.4962263107e+00 -1.9500033557e-01 8.3026599884e-01 1.5522576869e-01 -1.0130516440e-01 -3.2755059004e-01 4.4815212488e-01 -1.0002598166e-01 -2.7352198958e-01 1.1769411564e+00 -5.2031052113e-01 -6.8623501062e-01 -4.1871112585e-01 -1.2439515442e-01 3.2121052500e-03 -1.4099425077e-01 -3.8051441312e-02 7.6160305738e-01 -8.9151494205e-02 -4.4170153141e-01 -1.1011561006e-01
-2.5067266077e-02 2.2609554231e-02 -1.8180073798e-01 -1.4329498634e-02 9.1989099979e-02 -6.3658319414e-02 1.7473893240e-02 4.6627871692e-02 -3.3499740064e-02 -4.7289174050e-02 -1.4919025823e-02 7.3561258614e-02 6.0937596572e-05 6.0706298798e-02 1.0610423982e-02 4.8314098269e-02 -4.6791348606e-02 -4.2687514797e-03 -2.1368281916e-02 -4.4302940369e-02 -3.1356453896e-02 -1.9454319030e-02 -8.7672866881e-02 -6.7123413086e-02 4.5384451747e-02 -7.5638685375e-03 1.1397375911e-01 2.6028053835e-02 -7.6936654747e-02 -5.7694595307e-03 -1.1841970496e-02 5.2215438336e-02
4.1462713480e-01 8.4783029556e-01 3.5096746683e-01 -1.6647787094e+00 -4.3463966250e-01 2.0160062239e-02 -1.7694744468e-01 7.4037486315e-01 1.8035802841e+00 2.8045454621e-01 2.7984147891e-02 -2.0702924728e+00 2.1869716644e+00 -4.6581065655e-01 -1.0008770227e+00 -4.7100639343e+00 -3.6477153301e+00 -9.0659087896e-01 1.5641545057e+00 7.0006042719e-01 3.6481961608e-01 -2.4768946171e+00 1.9576288760e-01 -1.4949891567e+00 -3.0420570374e+00 9.4096153975e-01 6.9931656122e-01 -1.1976171285e-01 -9.5415276289e-01 -3.3985662460e+00 -3.7264378071e+00 1.2930350304e+00
2.7698034048e-01 -3.7259921432e-01 1.7817926407e+00 1.2635300159e+00 2.3909419775e-01 -2.1359322071e+00 -2.8948301077e-01 1.4816550910e-01 2.5874500275e+00 -2.0675477982e+00 -1.5694228411e+00 -1.3392497301e+00 1.4962490797e+00 3.3973339200e-01 2.0675058365e+00 1.4720379114e+00 4.0954298973e+00 7.3241285980e-02 -1.5681587458e+00 -1.2722121477e+00 3.0854043961e+00 1.5222045183e+00 -1.5483974218e+00 -1.5685985088e+00 -1.3482317924e+00 4.2894393206e-01 7.2910064459e-01 1.5467985868e+00 1.1948360205e+00 -5.9638810158e-01 -4.8947355151e-01 -2.5670378208e+00
-2.2809098009e-03 4.7509232536e-03 2.4737127125e-02 -6.9463457912e-03 -1.8866885453e-02 9.0413436294e-02 1.1931855697e-03 -2.8364000842e-02 2.5378798600e-03 -7.2416417301e-02 6.1222855002e-03 4.4261045754e-02 -2.6914792135e-02 4.3313376606e-02 2.1733313799e-02 -4.5604903251e-02 -5.1801171154e-02 -5.6240852922e-02 1.9797758796e-05 1.3511257712e-03 -4.0071245283e-02 3.1501299236e-03 -4.8340663314e-02 -4.3033673428e-03 -2.7815390378e-02 1.4705849811e-02 -1.2892794609e-01 -8.2782715559e-02 9.8947525024e-02 -1.2700526277e-03 7.6337158680e-03 -4.5894603245e-03
-4.4620814919e-01 2.3013107479e-01 -4.1477890015e+00 -4.7626090050e+00 2.1379659176e+00 6.2589435577e+00 -1.0904675722e-01 1.3007137775e+00 6.6709630191e-02 3.8097473979e-01 -4.8778280616e-01 2.6200196743e+00 1.8606028557e+00 2.0912404060e+00 4.0065661073e-01 1.0308538675e+00 2.2019224167e+00 9.2505378723e+00 -3.3251110464e-02 -4.9024085999e+00 -1.4101243019e+00 -1.4313603640e+00 2.7855799198e+00 6.5766787529e+00 1.2981449366e+00 -3.6245882511e-02 -3.2678160667e+00 5.6491699219e+00 1.1702662706e+00 2.8391702175e+00 5.3065514565e-01 -6.0968203545e+00
-1.8847613037e-01 3.4282155335e-02 -5.0417160988e+00 -5.2744789124e+00 2.9322204590e+00 7.0987110138e+00 1.2604413927e-01 1.1894587278e+00 -1.3017275929e-01 3.3145380020e-01 -2.2860307992e-01 2.3836262226e+00 1.5324257612e+00 2.3213560581e+00 2.3135790229e-01 1.1636853218e+00 2.2331962585e+00 1.1239673615e+01 -1.1988241673e+00 -4.6509423256e+00 -1.0079505444e+00 -1.2806509733e+00 3.5310339928e+00 7.4093403816e+00 1.1579253674e+00 -4.1614258289e-01 -3.4944231510e+00 6.0441222191e+00 8.6207473278e-01 2.7659785748e+00 4.6729835868e-01 -7.3312387466e+00
-1.0770776272e+00 2.4381645489e-03 -2.3824281991e-01 2.3809571564e-01 1.9535382986e+00 1.8817649782e-01 -3.3556956053e-01 -1.6092919111e+00 4.6413260698e-01 -1.7511759996e+00 -3.5787038505e-02 3.3243260384e+00 -1.2448047400e+00 9.0735167265e-01 -6.9498187304e-01 1.4482843876e+00 4.3407907486e+00 4.0901765227e-01 -2.4220304489e+00 6.8973737955e-01 8.2371339202e-02 -4.6332392097e-01 -5.6866638362e-02 1.4301650524e+00 3.9805588722e+00 5.3610134125e-01 4.0795084834e-01 1.8762655258e+00 1.7411036491e+00 3.4807627201e+00 8.7767869234e-01 -8.9591479301e-01
-1.3372083195e-03 4.2107705958e-03 6.4504727721e-02 -1.4999653213e-02 -9.2037329450e-03 8.9523456991e-02 6.0426634736e-03 4.1572288610e-03 2.0678870380e-02 -2.5377690792e-02 3.3647273667e-03 -5.1451958716e-03 -3.2844889909e-02 -6.1327911681e-04 -6.4408764243e-02 -7.5699917972e-02 1.0717208497e-02 -9.7789131105e-03 6.6568115726e-03 -4.2439054698e-02 1.4334706590e-02 -4.1243638843e-02 4.9263015389e-03 1.7038889229e-02 9.6344295889e-03 -1.5805201605e-02 -4.9568518996e-02 -7.6595664024e-02 7.6281271875e-02 7.8266551718e-03 2.1891955286e-02 1.1055916548e-02
