-6.6171681881e-01
7.7550977468e-01
4.5306742191e-01
5.0769644976e-01
-4.7968369722e-01
-3.9869040251e-01
-2.5420660973e+00
2.8304444626e-02
2.1668518893e-03
-2.7619114518e-01
-4.4326132536e-01
-5.7908666134e-01
-3.2571442425e-02
-5.4254559800e-03
-1.3038879633e-01
-5.2295541763e-01
-6.6959714890e-01
-3.7529912591e-01
5.1606380939e-01
1.1873303354e-01
3.5700625181e-01
7.3406773806e-01
-1.8062345684e-01
-4.1156455874e-01
-3.4037396312e-01
-1.4288271666e+00
2.7236342430e-01
-4.0236559510e-01
-3.7577971816e-01
-4.8374262452e-01
-4.1643562913e-01
5.0355112553e-01
