1.8180121183e+00 -1.0285608768e+00 -1.4019171894e-01 1.1149496585e-01 2.3631200790e+00
-4.5503873378e-02 -3.5090583563e-01 -1.4362684451e-02 6.8925201893e-02 -3.2594725490e-01
-2.1241414361e-03 -1.8675841391e-02 3.8391831331e-03 -2.4698963389e-03 7.8429393470e-03
-1.1246629059e-02 1.9897651672e-01 -5.7717370801e-03 -5.3175214678e-02 -9.5938518643e-02
-3.0448155478e-02 2.4268509448e-01 -4.7984244302e-03 -7.7931620181e-02 -3.0794563890e-01
3.4533517361e+00 8.4740340710e-01 -2.6022523642e-01 -2.6652044058e-01 -2.2129066288e-02
1.0370311327e-02 -6.7800052464e-02 8.3708232269e-03 1.3263807632e-02 4.9855694175e-02
-1.7436280847e-02 2.4680329859e-01 4.9135391600e-03 -7.7838264406e-02 -1.7089942098e-01
-2.3315312862e+00 -4.1131654382e-01 6.4716511965e-01 -3.4811422229e-01 -5.7908409834e-01
3.0170194805e-03 -2.2999440134e-01 5.6953988969e-03 5.7403966784e-02 9.0408518910e-02
-2.2862160113e-03 3.8191285729e-01 1.7912711948e-02 -8.0736629665e-02 -3.5127297044e-01
-6.8327903748e-01 -1.1501194239e+00 -1.4044594020e-02 2.4916118383e-01 9.9289643764e-01
-3.8666135073e-01 9.7957831621e-01 -1.1582372338e-01 -1.5489688516e-01 -5.6495279074e-01
-8.8756466284e-03 -7.7473092824e-03 -5.1053590141e-03 -5.9812969994e-04 -3.2404828817e-03
3.4736806154e-01 -1.6028259993e+00 -4.0270201862e-02 6.4097516239e-02 1.0323153734e+00
-4.9104470760e-02 -6.1289584637e-01 1.6114136204e-02 3.3978986740e-01 5.8180332184e-01
1.7273880243e+00 -2.8033810854e-01 -3.4545975924e-01 5.6172239780e-01 -1.8956605196e+00
3.8751844317e-02 -4.2657664418e-01 1.7980858684e-01 1.3274936378e-01 4.6682426333e-01
-2.9356429577e+00 -8.6591774225e-01 9.6615409851e-01 -1.2701547146e+00 -2.7811846137e-01
-9.2859345675e-01 6.7533951998e-01 2.1907843649e-01 -2.0615620539e-02 8.6898374557e-01
-2.2934226319e-02 1.0046047717e-01 -7.8128362074e-03 -3.2722286880e-02 -9.0493455529e-02
-1.6925221309e-02 1.2674984336e-01 -1.1653884314e-02 -1.9116392359e-02 -6.9535218179e-02
2.4670169353e+00 8.1374859810e-01 2.3402512074e-01 -1.9822695851e-01 1.1885762215e-01
3.3696539402e+00 1.8852472305e-01 -2.8311160207e-01 -2.2686578333e-01 -1.6241140664e-01
-2.8353450298e+00 -1.2730256319e+00 -4.1771471500e-01 -5.9944862127e-01 2.1507540345e-01
-1.7514914274e-01 5.2477502823e-01 3.3243976533e-02 2.9700857401e-01 -5.6532502174e-01
7.1022668853e-03 9.7947083414e-03 2.4693650194e-03 2.0610240754e-03 2.7523271274e-03
1.2369688749e+00 1.3388375044e+00 -1.0444522649e-01 -2.8958982229e-01 -8.2371485233e-01
1.8348876238e+00 -9.8364837468e-02 -7.0421174169e-02 -3.8520014286e-01 8.6481410265e-01
-2.0185227394e+00 -9.6141988039e-01 -1.0267032385e+00 8.4624266624e-01 2.2395819426e-01
7.4523873627e-02 1.5751398802e+00 1.5020037070e-02 -2.0485667884e-01 -2.0266163349e+00
-1.5465514734e-03 1.5586145455e-03 -4.8545203172e-03 3.9849369787e-03 -6.7298772046e-04
-6.6488310695e-02 -8.0487322807e-01 -1.3045095839e-02 1.3643391430e-01 7.8955900669e-01
2.5308585167e+00 -1.7305079103e-01 -8.9977435768e-02 -2.4903519452e-01 1.6358214617e+00
-5.7604247332e-01 9.1148096323e-01 -2.2823768854e-01 -1.3893777132e-01 -1.1879158020e+00
-1.8341112137e+00 -3.1102176756e-02 3.6362358928e-01 -1.5975738764e+00 2.2278397083e+00
-4.4141974649e-04 -8.3314571530e-03 2.3567758035e-03 -5.5797998793e-03 1.7055046046e-03
1.9394041300e+00 2.3849518597e-01 6.0203301907e-01 -5.9468597174e-01 7.2777301073e-01
2.6029003784e-02 -1.4032557607e-01 7.0010581985e-03 1.1969030835e-02 1.0153387487e-01
-7.2815306485e-03 -1.2261753902e-02 -1.7982656136e-03 -4.1851489805e-03 7.6884654118e-04
-4.6324351570e-04 -1.5846716240e-02 2.6611420326e-03 -3.5262247548e-03 5.0268955529e-03
-2.6075378060e-01 -3.9103740454e-01 1.8411867321e-02 1.0277912021e-01 -3.7283170223e-01
-1.2165882438e-01 8.7901704013e-02 -1.7389728129e-01 -2.0724442601e-01 -4.7448846698e-01
2.3133354262e-02 -1.3125413656e-01 7.3574064299e-03 2.8732959181e-02 9.4698473811e-02
2.5693506002e-02 -8.7899541855e-01 1.1152165383e-01 1.6642355919e-01 9.5585364103e-01
9.7181767225e-01 -2.4406567216e-01 -2.4842113256e-01 2.0655223727e-01 -3.6813756824e-01
-7.4092842638e-02 3.0131486058e-01 4.2769531719e-03 -4.1303955019e-02 -3.1222599745e-01
-2.8227102011e-03 3.6884073168e-02 -6.2912604772e-03 -2.1167013329e-03 -2.3128125817e-02
-1.7578009283e-03 -2.0626168698e-03 9.1647329100e-05 -4.4059474021e-03 -2.4596804287e-03
-6.3166650943e-03 4.4562622905e-02 -6.5198745579e-03 -6.9099981338e-03 -2.9890622944e-02
9.2285138369e-01 5.4089295864e-01 -2.2455357015e-01 -2.6008820534e-01 -1.3284844160e+00
-2.7670139447e-02 1.6851724684e-01 -1.5019425191e-03 -4.3502893299e-02 -1.1453393102e-01
1.3107190840e-02 -7.5946755707e-02 6.0195522383e-03 1.3009831309e-02 5.5258031934e-02
-2.1272780374e-02 -3.0274680257e-01 4.8657385632e-03 9.7600571811e-02 1.4759799838e-01
3.2471347600e-02 -1.5924745798e-01 2.5313021615e-03 4.2573325336e-02 1.1620596051e-01
1.5896998346e-02 4.0855908394e-01 -1.0555672459e-02 -7.8360714018e-02 -1.7149071395e-01
9.8343491554e-03 1.1536158621e-02 3.4237974323e-03 3.5139159299e-03 2.7417097590e-04
-1.3763957657e-02 9.8356381059e-02 -9.0544996783e-03 -1.0634205304e-02 -7.3007404804e-02
9.0788704157e-01 -1.3532149792e+00 -2.0087757707e-01 -3.1676009297e-01 2.2188515663e+00
-1.4588553458e-02 -3.0079218745e-01 -3.9234220982e-02 3.9252903461e+00 -8.7714105844e-02
-1.9505097866e+00 -1.0499900579e+00 4.5457396656e-02 2.7697402239e-01 2.7298226953e-01
1.1192398518e-01 -1.8073438108e-01 3.5205888562e-03 -3.8276780397e-02 7.2771017440e-03
6.5606313944e-01 -1.1435620785e+00 5.5578052998e-01 1.7315681279e-01 2.0019528866e+00
6.4657963812e-03 1.2857518159e-02 1.4729370596e-03 4.3755904771e-03 -1.3851471012e-03
-1.1680157185e+00 6.8451577425e-01 -1.6682741642e+00 5.2019267082e+00 -1.1750066280e+00
2.3410168290e-01 -7.1250170469e-01 -9.0579085052e-02 -1.0361487865e+00 1.0148729086e+00
8.4760887548e-03 1.0586003773e-02 4.5374347828e-03 2.7009551413e-03 3.0016787350e-03
7.9978302121e-02 6.0772132874e-01 -5.1914476790e-03 -1.1767473817e-01 -5.0151258707e-01
1.1655326933e-02 -2.7647286654e-01 3.8984648418e-03 9.0025909245e-02 1.7377014458e-01
-1.1821831763e-01 -6.3439005613e-01 -1.2963265181e-03 2.0140361786e-01 4.7181954980e-01
-1.9547568634e-02 1.1059422791e-01 -9.8951589316e-03 -2.7680013329e-02 -8.0183185637e-02
-2.6009561494e-02 1.9602151215e-01 -1.6039604088e-03 -6.8704642355e-02 -1.3335151970e-01
1.2071329169e-02 7.8155519441e-03 9.0545974672e-03 1.2918604771e-03 8.3205872215e-04
-1.3127846718e+00 3.0148571730e-01 -4.2199462652e-02 -8.4845736623e-02 -9.8456025124e-01
1.2261345387e+00 2.0026373863e-01 -3.4012672305e-01 9.5919477940e-01 2.4305032194e-01
1.5369356871e+00 -6.9853520393e-01 2.3871336877e-01 1.5591749549e-01 1.6300072670e+00
3.3792829514e+00 1.1425926685e+00 -3.7075430155e-03 -2.4202854931e-01 4.4318106957e-03
1.3708685338e-01 1.3466556072e+00 -4.3085575104e-02 2.4546025321e-02 -1.1337616444e+00
-3.8574390113e-02 1.7341111600e-01 -2.9742959887e-03 -3.9061322808e-02 -1.3715213537e-01
4.7085173428e-02 -4.0150079131e-01 3.2829761505e-02 7.1226865053e-02 4.1002672911e-01
3.3635657281e-02 -2.2023636103e-01 -1.2538507581e-03 5.5603750050e-02 1.8634511530e-01
-6.5162624232e-03 -1.2673527002e-02 -1.2024377938e-03 -3.4678361844e-03 2.7421070263e-04
7.8278584406e-03 1.2755343691e-02 3.3275280148e-03 3.3257803880e-03 -8.1389436673e-05
-3.0303139687e+00 -1.0410252810e+00 -5.1145277917e-02 6.7455880344e-02 -5.3311284631e-02
6.8781279027e-02 -1.2892278433e+00 2.8563708067e-01 2.3503389955e-01 1.3748548031e+00
-1.5136912465e-02 9.1790944338e-02 -8.6697163060e-03 -1.9858257845e-02 -6.4275197685e-02
1.4558957815e+00 -4.9221417308e-01 -3.6927497387e-01 -2.9152664542e-01 -3.5339358449e-01
1.4099178370e-03 1.9817976281e-02 -5.9849987738e-03 3.7627068814e-03 -9.7952866927e-03
-1.5119191259e-02 7.8072480857e-02 -6.5981852822e-03 -1.9271153957e-02 -5.7952065021e-02
-4.4451463036e-03 -1.6140658408e-02 1.8418655964e-03 -6.9019518560e-04 3.3092766535e-03
8.6677128077e-01 -9.6841549873e-01 3.3565476537e-01 2.1893171966e-01 1.6482825279e+00
-1.6787610948e-02 4.7159951925e-01 -4.8148442060e-02 -9.8256357014e-02 -2.8414136171e-01
8.0512193963e-03 9.5704440027e-03 6.8736122921e-03 2.7487559710e-03 1.6497365432e-03
-2.2004517913e-01 5.6646102667e-01 2.4049548432e-02 -6.7360669374e-02 -7.4120306969e-01
1.7467164434e-03 1.9283861620e-03 2.1314001642e-03 -4.8856665380e-03 -2.5060763583e-03
4.2122521996e-01 -5.7410848141e-01 -2.0786400884e-02 5.4893028736e-01 2.8018158674e-01
-1.3328198111e-03 -1.8088840879e-03 1.7089352477e-03 -5.3542628884e-03 -2.3260319140e-03
-9.0428128839e-02 -3.7507876754e-02 2.3287652060e-02 3.2940635085e-01 -7.1996569633e-02
1.7872275412e-01 1.1525069475e+00 -7.4328623712e-02 -2.8956559300e-01 -1.0587537289e+00
3.9123510942e-03 -3.7796925753e-02 8.3957202733e-03 4.2107896879e-03 2.2666776553e-02
-2.1427828819e-02 -1.5028238297e-01 6.2341918238e-03 1.2450115681e+00 -5.6211661547e-02
-1.6216832399e+00 7.4016714096e-01 1.6247168183e-01 1.1059143394e-01 -1.2048974037e+00
-6.4660869539e-03 -1.0839526542e-02 -2.7512081433e-03 -4.4407667592e-03 1.7849360302e-04
7.8274318948e-03 -5.6041289121e-02 6.4998958260e-03 1.0691282339e-02 3.7340145558e-02
1.2116174400e-01 1.4174940586e+00 -2.4483798072e-02 3.4506055713e-01 -1.4643995762e+00
7.7498443425e-02 1.7428308725e+00 1.4055006206e-02 -7.0723943412e-02 -1.9623305798e+00
2.6309532113e-03 1.0664544068e-02 -1.5482857125e-03 4.4706678018e-03 -1.3104361715e-03
-3.1552188396e+00 -8.3609056473e-01 2.2691819072e-01 -3.8508251309e-02 -2.1776460111e-01
1.0348518379e-02 9.3947667629e-03 7.7886837535e-03 2.1404158324e-03 1.1864484986e-03
-3.4200521186e-03 2.7691386640e-02 -6.0460828245e-03 -1.9135751063e-03 -1.4270995744e-02
6.7791783810e-01 1.1302046776e+00 -2.4086825550e-01 1.0109736919e+00 -5.9906727076e-01
2.0213781297e-01 1.0467555523e+00 -5.0596021116e-02 -1.6218030453e-01 -1.0841926336e+00
-1.1510747671e-01 -8.6559331417e-01 3.1326096505e-02 1.0717690736e-01 4.9513041973e-01
6.1032930389e-03 1.2797227129e-02 5.8461131994e-04 4.8859375529e-03 -1.2901495211e-03
5.9867789969e-03 -2.0222404599e-01 6.0041928664e-03 8.3065576851e-02 1.1610691249e-01
8.4317717701e-03 1.3754697517e-02 3.8737762952e-04 3.5314152483e-03 -1.7313387943e-03
-3.6121732555e-03 -8.4658935666e-03 -8.8689138647e-04 -3.2665822655e-03 -3.7026053178e-04
-1.2917512655e-01 -6.8840503693e-01 -8.7972841263e+00 2.4180173874e+01 5.5109155178e-01
-3.2677829266e-02 -9.6203714609e-01 3.7501212209e-03 -3.7859317660e-01 1.1983370781e+00
4.5317164063e-01 4.6191585064e-01 1.0125544548e+01 -3.1750434875e+01 -4.1175913811e-01
3.7306407467e-03 -1.3384725899e-03 4.2735436000e-03 -1.3834119309e-03 1.6628446756e-03
1.2494852394e-01 1.0096373558e+00 -1.9399730489e-02 -1.6024991870e-01 -8.0331385136e-01
-1.4350858983e-03 -3.9185876958e-03 3.4385516774e-03 -2.9026034754e-03 3.6944219028e-04
-5.7519322634e-01 3.8159072399e-02 -2.3907886818e-02 -1.7165638506e-01 5.1090449095e-01
-7.6953559183e-03 -9.8199620843e-03 -3.0481503345e-03 -2.4202179629e-03 -2.8584660031e-03
1.6819585580e-03 2.8092938010e-03 -5.8913341491e-04 9.8517229781e-03 1.7275944119e-03
8.7682213634e-03 8.7088719010e-03 4.9304147251e-03 1.2658818741e-04 2.5538727641e-03
-3.4644764382e-03 -1.3835763093e-04 -5.1113488153e-03 6.6377228359e-04 9.0757361613e-04
