-1.4127182961e-01
7.4258506298e-02
1.5134653449e-01
1.2674823403e-01
-1.4103049040e-01
-3.2618992031e-02
-9.5999203622e-02
1.1811415106e-01
-1.0227708519e-01
7.3098935187e-02
-1.2914416194e-01
-1.1305008829e-01
-1.3111761212e-01
-2.1199466661e-02
-1.5639323974e-03
-1.5152539313e-01
-1.1710440367e-01
5.5894196033e-02
-1.2220142782e-01
-1.1467235535e-01
-6.2215831131e-02
4.1978196241e-03
1.8384662271e-01
-7.1212634444e-02
6.9925092161e-02
1.4032042027e-01
-1.4293582737e-01
-1.2148156017e-01
-8.3811327815e-02
-1.3539086282e-01
-9.5343239605e-02
2.8379315510e-02
-1.1334280670e-01
-1.2476294488e-01
1.7113955319e-01
1.4191389084e-01
1.0304383934e-01
-1.3732258976e-01
-1.4113956690e-01
1.3743598759e-01
-1.0127770901e-01
6.3731335104e-02
-8.2425335422e-03
1.2194138765e-01
4.1626267135e-02
-1.0501030833e-01
1.3663457334e-01
-1.1568322778e-01
-7.6984234154e-02
-8.6282163858e-02
1.2191238254e-01
8.0501735210e-02
-1.5612217784e-01
-1.4275689423e-01
1.8803704530e-02
1.5029574931e-01
-8.6596556008e-02
-9.0881161392e-02
1.0393851995e-01
-1.1903832853e-01
9.7737379372e-02
-1.0101405531e-01
8.4369339049e-02
7.3897629976e-02
7.3802940547e-02
-6.8476282060e-02
-1.1272800714e-01
1.9875371829e-02
1.1992751062e-01
1.6128483415e-01
-2.3719838262e-01
3.7478219718e-02
-1.3128899969e-02
-8.2762241364e-02
-1.2043159455e-01
-1.1932588369e-01
-1.6530603170e-01
-1.0868820548e-01
-1.1585018039e-01
8.4601595998e-02
-8.5836276412e-02
-1.1559580266e-01
8.0366373062e-02
-1.5997064114e-01
-4.6949397773e-02
1.2256302685e-01
1.8156874180e-01
-1.2629412115e-01
9.5417432487e-02
4.3542124331e-02
-8.9143380523e-02
-7.2728067636e-02
-1.1218680441e-01
3.4260082990e-02
-6.4553000033e-02
-1.5046814084e-01
1.2682683766e-01
1.3605095446e-01
1.3098873198e-01
-1.0362725705e-01
-1.5533533096e+00
1.2875953317e-01
1.2148860842e-01
-1.3235321641e-01
-9.5266066492e-02
1.6309490800e-01
1.0551294684e-01
1.3624981046e-01
-1.1505147815e-01
-5.6317642331e-02
-3.3052831888e-02
-1.3425728679e-01
-1.1754611880e-01
4.2962022126e-03
-7.4419602752e-02
-9.3377187848e-02
1.1419877410e-01
1.7140294611e-01
-9.8988413811e-02
1.2787863612e-01
5.5572547019e-02
1.5559020638e-01
-1.1617423594e-01
-8.7829418480e-02
9.4079107046e-02
-1.2831945717e-01
1.3295833766e-01
9.3369379640e-02
