2.9461902380e-01
-4.1250917315e-01
-6.8992627785e-03
-1.2980431318e-02
-2.8517017141e-02
1.0356637239e+00
-1.8130516633e-02
1.8950289115e-02
-2.2669516504e-01
4.2774565518e-02
3.2566908747e-02
-2.1804733574e-01
2.4119539559e-01
-5.3499727510e-03
7.1221333742e-01
5.6215111166e-02
-6.0851788521e-01
1.1573717743e-01
-3.3902958035e-01
-1.3688689470e-01
2.9062349349e-02
-4.2293025181e-03
3.1609824300e-01
4.7884467989e-02
-4.2261725664e-01
-9.7513645887e-02
5.0451415591e-03
3.1041197479e-02
1.7076663673e-01
-2.5097322464e-01
-1.7551644146e-01
1.5905681066e-03
2.2031585872e-01
6.8591132760e-02
-5.1189494133e-01
9.5228683949e-01
-3.9841192774e-03
1.0049287230e-01
-2.7447363362e-02
-5.4418328218e-03
-6.1858207919e-03
-4.2484772205e-01
-8.4368795156e-02
-2.9426593333e-02
2.7558556199e-01
-6.7051541805e-01
2.6802700013e-02
1.0058289394e-02
-1.5174080618e-03
1.2124182656e-02
-8.1253790855e-01
2.2327193990e-02
-1.7825860530e-02
7.5886331499e-02
-3.3177733421e-02
-1.7159903049e-01
5.7747024111e-03
2.4818293750e-02
3.3586555719e-01
1.0480684042e-01
-2.8157663345e-01
-9.9907338619e-02
3.7262320518e-02
5.5516096763e-03
-4.8429024220e-01
3.0770357698e-02
5.6633637287e-03
-1.5710766613e-01
-4.7745755874e-03
1.0907345265e-01
2.6485957205e-02
3.3140182495e-02
4.3202321976e-03
8.8652357226e-04
3.6321811378e-02
2.3741327226e-01
5.8671134710e-01
-7.1434092522e-01
4.0975160897e-02
5.0972998142e-03
1.1728641577e-02
-5.8865351602e-03
6.1862180009e-03
-4.7588559985e-01
5.0697875023e-01
1.8280047923e-02
-9.4387137890e-01
5.7840538211e-03
1.9591074437e-02
-7.2593628429e-03
2.4638922513e-01
-2.4674758315e-01
5.2026766352e-03
5.5503312498e-02
5.2197143668e-04
-2.5808417797e-01
-8.0919271568e-04
1.5442810953e-01
-4.0557554364e-01
-1.0170211084e-02
-1.6326017678e-01
-9.8933786154e-01
-5.3429999389e-03
-1.3584391214e-02
-4.1405117512e-01
-4.8869150877e-01
5.3564691916e-03
-6.0760188103e-01
5.2275084890e-03
8.2631986588e-03
3.4237095714e-01
-1.1843758821e-01
6.4187234640e-01
5.8208936825e-03
-1.6966879368e-02
5.3235432133e-03
-4.6198200434e-03
-4.6720772982e-02
6.1542008072e-02
-2.4924057722e-01
-9.2346884776e-04
-5.4256093502e-01
-2.7106977068e-03
5.3737765551e-01
-5.1375208423e-03
8.9553819271e-04
4.6306191944e-03
1.7047460424e-03
