-5.0168400630e-03
8.4937841166e-04
-5.2026994526e-02
-4.8686782829e-03
4.0347758681e-02
2.9168646783e-02
-8.5224531591e-02
-4.1886825114e-02
1.1163691059e-02
-2.9488038272e-02
7.7242814004e-02
7.9215109348e-02
3.3248662949e-02
1.4543582499e-01
-2.9715731740e-02
-4.5715592802e-02
-4.8278826289e-03
4.2742643505e-02
1.0306661716e-03
9.8375324160e-03
1.8504576758e-02
5.7300971821e-03
-1.1113810353e-02
-2.5638084859e-02
1.0954198986e-01
4.5019339770e-02
-1.1160644889e-01
-2.7626369148e-02
-7.0290965959e-03
3.7825454026e-02
-6.3022915274e-03
-1.8315525725e-02
2.4025276303e-02
-1.8754462944e-03
-5.2596427500e-02
5.2327048033e-03
6.8260744214e-02
-1.3881777413e-02
4.7877792269e-02
-1.7722966149e-02
2.8557477519e-02
2.2186121941e+00
-2.4031775072e-02
-4.2420051992e-02
4.5865826309e-02
-3.2095513307e-03
-3.7392269820e-02
-3.4852743149e-02
8.0150002614e-03
-1.8399788067e-02
1.1765149422e-02
4.1597269475e-02
1.0149918497e-02
-8.8040344417e-03
2.3781713098e-02
9.7190402448e-03
2.4424137548e-02
-2.6541510224e-01
7.9560384154e-02
-5.2778366953e-03
-2.1760813892e-02
-2.0796298981e-02
-6.3058109954e-03
4.1151203215e-02
-4.7848369926e-02
3.5068247467e-02
-7.8047119081e-02
9.3140378594e-03
1.9067067653e-02
1.3477687025e-03
-3.6810778081e-02
-6.2873505056e-02
-1.0799875483e-02
-9.3542337418e-03
-1.3131040335e-01
-1.1964430101e-02
3.1988758594e-02
5.1712453365e-02
2.2213971615e-01
1.6107011586e-02
1.1912488379e-02
-3.8784861565e-02
1.8059047870e-03
2.3010328412e-02
1.9656220451e-02
-2.4856846780e-02
1.8046768382e-02
-2.3249706253e-02
-6.7634652369e-03
8.0330790952e-03
4.8938572407e-02
5.2769590169e-02
9.3239825219e-03
-7.0935770869e-02
3.2092783600e-02
5.8499732986e-03
-6.8998157978e-02
2.8416862711e-02
-7.0519924164e-02
-1.2344265357e-02
3.1513769180e-02
-2.1858830005e-02
8.8836541399e-03
2.1264614537e-02
5.5045117624e-03
-1.2867699377e-02
-6.4103618264e-02
3.7547145039e-02
3.2296545804e-02
6.1202190816e-02
6.1596907675e-02
-1.4230908826e-02
1.8099801615e-02
3.4710165113e-02
1.1505695060e-02
1.7802167684e-02
-2.5146912783e-02
1.8247013912e-02
-6.8575376645e-03
8.3020403981e-02
4.4271457009e-03
-4.8666510731e-02
-4.2903911322e-02
-6.4003124833e-02
-4.4193577021e-02
1.0287528858e-02
1.1543697678e-02
-1.4806109481e-02
