-1.2779718637e-01 -5.0392288715e-02 -1.1466386169e-01 1.0474849492e-02 -3.5646844655e-02
3.9424124360e-01 -9.7085714340e-02 -2.9249143600e-01 5.9960890561e-02 3.7870666385e-01
-3.6250911653e-02 -1.9425971806e-01 1.4262808859e-01 -4.4136890210e-03 -3.7439562380e-02
7.2921663523e-02 -1.2368482351e-01 1.1287816800e-02 2.4217306636e-03 -2.0973564684e-01
3.2069399953e-01 3.1386470795e-01 2.8394806385e-01 -1.1633262038e-01 -1.0269567370e-01
-1.1564631760e-01 2.4763892591e-01 2.5498002768e-01 -1.1141759343e-02 1.0325949639e-01
9.7997963428e-02 -9.8879270256e-02 1.3280716538e-01 -6.3684090972e-02 -1.2277426571e-01
-1.6437746584e-01 -1.7138051987e-01 -2.4155192077e-01 -1.9962872565e-01 8.9177921414e-02
-2.0509332418e-01 -1.0276101530e-01 -2.0757465065e-01 2.0763803273e-02 1.6542524099e-01
-1.2013557553e-01 -6.6033966839e-02 -1.7084342241e-01 4.2990446091e-03 -5.3259659559e-02
6.0282945633e-02 -2.1770988405e-01 -6.5046913922e-02 5.0995688885e-02 -6.4224414527e-02
1.9450448453e-01 1.8732696772e-01 2.3408630490e-01 -1.5279473737e-02 -1.7255787551e-01
-3.0647218227e-02 -1.4383541048e-01 -2.1654129028e-02 1.7260728404e-02 -1.9957843423e-01
-1.9877557456e-01 -9.1268077493e-02 2.0348376036e-01 1.1137886904e-02 -7.7884837985e-02
-3.8165744394e-02 -8.4322363138e-02 -1.6444672644e-01 8.9600406587e-02 -8.9863948524e-02
2.9302451015e-01 3.1240227818e-01 -1.6086186469e-01 1.3877134025e-01 -6.3507780433e-02
-3.5982877016e-02 2.7673938870e-01 -1.6049778461e-01 8.2439541817e-02 -2.2882282734e-01
1.3318741322e-01 -1.4618700743e-01 -1.7194107175e-01 -9.7345784307e-03 2.1035860479e-01
2.1527612209e-01 -7.7020101249e-02 -2.4605865777e-01 7.1816989221e-03 1.5160597861e-01
1.5826012194e-01 -4.2512960732e-02 -2.2540132701e-01 1.1842707172e-03 -1.5889774263e-01
3.4044864774e-01 1.5915369615e-02 -1.6299439967e-01 -7.7334657311e-02 1.2085717171e-02
-1.6226056218e-01 2.6443326473e-01 6.6767089069e-02 1.2151629664e-02 -1.9717250019e-02
2.3552879691e-01 2.9573626816e-02 2.0750252903e-01 -3.3527098596e-02 -1.3266059756e-01
4.3590113521e-02 1.1483062804e-01 1.6821725667e-01 -4.1001837701e-02 -3.3911180496e-01
2.6988574862e-01 -8.9754246175e-02 -5.2156437188e-02 -1.3912535273e-02 3.1055116653e-01
-1.6409575939e-01 -6.7038588226e-02 -8.8176734746e-02 -2.9692232609e-02 -1.7115406692e-01
-1.2622380257e-01 -1.7142766714e-01 1.1335917562e-01 -7.3209688067e-02 -2.7668321505e-02
8.8030882180e-02 -1.2505838275e-01 -1.8132530153e-01 -1.7103357241e-02 -2.7576338500e-02
-2.1519549191e-01 -2.9511263967e-01 8.9710570872e-02 -4.8391730525e-03 -2.8819635510e-01
-2.3706309497e-01 6.2020093203e-02 2.3432126641e-01 2.5906879455e-03 -1.6386952996e-01
2.1873677149e-02 -3.0280086398e-01 -6.9424986839e-02 3.3373992890e-02 2.0819887519e-01
-2.1781681478e-01 9.7484393045e-03 3.5826563835e-01 -2.4679856375e-02 -8.6196206510e-02
-3.0749261379e-01 1.2700185180e-01 4.1646443307e-02 2.7036525309e-02 -3.4275910258e-01
-1.1289084703e-01 -1.5483297408e-01 -2.7822654694e-02 1.9508559257e-02 1.0905346274e-01
2.7506771684e-01 1.9728127122e-01 2.2680795193e-01 -1.5332358889e-02 -5.3667046130e-02
2.4212440848e-01 -2.3863504827e-01 -6.5894767642e-02 -5.7241547853e-02 3.1618542969e-02
-1.9474044442e-01 -1.1888131499e-01 -1.9012081623e-01 -2.6014622301e-02 -1.8166682124e-01
6.3494913280e-02 3.9078682661e-02 3.1409612298e-01 -1.2295166403e-01 3.0282145739e-01
1.3686074317e-01 1.8252417445e-01 -1.0419108719e-01 1.3303664327e-01 3.3354875445e-01
3.4230622649e-01 1.3002391160e-01 -2.6263660192e-01 2.5098823011e-02 -2.4712313712e-01
1.7296659946e-01 5.3374702111e-03 2.5806728750e-02 1.2519322336e-01 3.3779945970e-01
-2.6433467865e-01 -1.6066433163e-03 -1.2127655745e-01 -2.0903309807e-02 2.0891219378e-01
-1.4716027677e-01 -2.1245829761e-01 3.1166872382e-01 1.2186215818e-01 1.4923280105e-02
2.9475149512e-01 -2.8267988563e-01 2.1688763797e-01 1.2919671834e-01 4.7894109040e-02
8.5441961884e-02 -6.5082184970e-02 7.0378333330e-02 1.0458786786e-01 1.1287443340e-01
-2.0913377404e-01 -1.2461901456e-01 -3.0320858955e-01 1.3928610831e-02 2.2140064836e-01
1.8125452101e-01 -3.1449198723e-01 1.2809601426e-01 5.4111961275e-02 1.6923135519e-01
-1.8047316372e-01 1.6590209305e-01 -1.6475678980e-01 1.7834559083e-02 4.7067098320e-02
-1.8456397951e-01 -2.5175951421e-02 -1.9233189523e-01 -3.2041862141e-03 -2.0185419917e-01
-1.3003183901e-01 5.8454867452e-02 2.2245002910e-03 3.1382166781e-03 9.2085622251e-02
3.8224291801e-01 2.2138955072e-02 -2.1311010420e-01 4.1966278106e-02 5.4425098933e-03
2.1285019815e-01 -4.7530665994e-02 2.1435274184e-01 2.5908082724e-02 -1.2234174460e-01
-5.4783508182e-02 1.5735380352e-01 6.8501882255e-02 -1.2725290842e-02 2.4174243212e-01
-2.5729748607e-01 7.8522421420e-02 1.3368888199e-01 -6.5279349685e-02 6.8525825627e-03
6.9770999253e-02 4.1932065040e-02 7.7926954255e-03 -6.9863989949e-02 8.3369649947e-02
-1.6926631331e-01 2.0626615733e-02 1.5601357818e-01 1.3791128993e-01 5.9428069741e-02
8.1903353333e-02 1.3281399012e-01 1.2680777907e-01 -2.5955922902e-02 -1.9562616944e-01
-3.9812684059e-02 -2.7737164870e-02 -7.9270293936e-03 -2.6219457388e-02 -2.5489473343e-01
-1.6482371092e-01 5.9460069984e-02 5.2813895047e-02 -3.1801892910e-03 1.0554499179e-01
-1.8609119952e-01 -6.7429155111e-02 1.4881728590e-01 -4.4965087436e-03 1.1833410710e-01
-8.6714945734e-02 -3.0107419938e-02 2.6765346527e-01 5.9967511334e-03 2.2933399677e-01
5.7581784204e-03 -7.2082474828e-02 -9.7991622984e-02 1.9523608498e-03 -1.6851694882e-01
3.4117874503e-01 2.3358276486e-01 2.5253129005e-01 -1.0386297107e-01 2.7225089073e-01
-8.0728912726e-03 3.0550526455e-02 1.6383458674e-01 -3.0595704913e-02 -2.6761645079e-01
