1.0801060498e-01
1.7945432774e-05
-9.4666421413e-02
1.1054206640e-01
2.0316978917e-02
-1.2202593498e-02
1.0672760196e-02
-9.9124483764e-02
9.4506278634e-02
7.8845292330e-02
-5.5106792599e-02
3.3956874162e-02
-3.3024180681e-02
-3.0318055302e-02
-1.4654148370e-02
7.5617752969e-02
7.2603330016e-02
-1.3257343322e-02
9.5306038857e-02
-8.7697029114e-02
-7.5757324696e-02
5.1716577262e-02
6.3057303429e-02
-9.0096769854e-03
4.3295167387e-02
-5.1111385226e-02
-9.6404299140e-02
3.4899845719e-02
-7.5393341482e-02
3.0620807782e-02
1.7395818606e-02
9.5899112523e-02
-3.8510952145e-03
-1.1908659339e-01
1.8303997815e-02
9.8786860704e-02
4.1975297034e-02
4.5565549284e-02
1.0044097155e-01
2.1499466151e-02
7.9843752086e-02
1.3935708441e-02
-1.1300592124e-01
-1.2311634421e-01
-6.1084232293e-03
-9.8420664668e-02
8.6044752970e-03
-2.8945531696e-02
2.4711618200e-02
-8.8566035032e-02
3.2738022506e-02
8.8439146057e-03
-7.3637463152e-02
8.3353659138e-03
-7.2099588811e-02
5.9856232256e-02
-1.1144031771e-02
1.0206157714e-01
4.3127991259e-02
3.4392025322e-02
-7.8387148678e-02
-5.7812616229e-02
2.8198283166e-02
-6.0691751540e-02
