9.8740927875e-02
1.9581444561e-01
-2.0223614573e-01
-9.0711802244e-02
3.3796420693e-01
-2.0592010021e-01
4.8749849200e-02
2.0187556744e-01
4.2808884755e-03
1.9263800979e-01
1.3460081816e-01
-1.3333077729e-01
-1.8949228525e-01
-2.3232698441e-01
1.4921532571e-01
-2.5574249029e-01
1.1399330944e-01
-8.5377655923e-02
7.9937025905e-02
-1.0637388378e-01
-9.0379767120e-02
3.0664396286e-01
2.2075197101e-01
-2.7723282576e-01
-1.4180999994e-01
-1.2188389897e-01
-2.8556796908e-01
-1.7698337138e-01
-2.1080528200e-01
-1.2126022577e-01
-4.6025481075e-02
-2.6034301147e-02
-4.7390451655e-03
1.6979922354e-01
1.0232677311e-01
-9.6208415926e-03
7.5524881482e-02
-2.1739535034e-01
1.5168595314e-01
1.4540509880e-01
2.0279149711e-01
-2.0033518970e-01
-3.2117813826e-01
-2.4108245969e-01
-9.6647858620e-02
6.7290619016e-02
-3.1372782588e-01
-2.5487264991e-01
-4.7819484025e-02
3.1881175935e-02
2.2775928676e-01
1.2333183736e-01
2.5179511309e-01
2.3227830231e-01
6.5518230200e-02
-2.2621200979e-01
1.3099972904e-01
-7.7413171530e-02
2.2712976206e-03
2.9699772596e-01
-2.3830099404e-01
8.1319406629e-02
2.5614619255e-02
1.6408440471e-01
