9.4533622265e-02
-2.0540453494e-02
1.0538444668e-01
-9.5656171441e-02
5.9182595462e-02
3.8896627724e-02
2.5234242901e-02
-6.3141070306e-02
-6.7399300635e-02
-1.9515924156e-02
4.6548885293e-03
-6.9781780243e-02
4.7581430525e-02
-6.9578573108e-02
-6.6065178253e-03
3.8013460580e-03
-4.3622739613e-02
-2.9774909839e-02
-2.6864878833e-02
-6.7348212004e-02
-8.6983636022e-02
4.7541908920e-02
-6.6502131522e-02
3.7705205381e-02
6.8825028837e-02
1.1350033805e-02
-6.4848557115e-02
2.3120522499e-02
-5.3819168359e-02
-1.0737364739e-01
5.2102919668e-02
1.0643603280e-02
2.7611488476e-02
-7.0792257786e-02
-5.3197212517e-02
-6.7183963954e-02
1.4244209975e-02
-9.8179362714e-02
-1.0005820543e-01
6.6931046546e-02
-5.4034985602e-02
4.8434274504e-04
7.3885075748e-02
5.5007394403e-02
6.6581673920e-02
1.9749859348e-02
-3.1277306378e-02
2.0838975906e-02
6.7858673632e-02
4.8569953069e-03
9.6210867167e-02
-4.6657588333e-02
-3.7071920931e-02
9.8112687469e-02
-6.3774138689e-02
-7.0383280516e-02
-5.2429348230e-02
-7.8065894544e-02
8.1196591258e-02
4.8253261484e-03
-2.4619756266e-02
2.5269230828e-02
-5.3480695933e-02
-3.7240292877e-02
