7.0122694969e-01 8.4263491631e-01 4.7794338316e-02 5.5137728341e-03 -1.8401467800e-01
5.0244040489e+00 2.9474542141e+00 1.8011125922e-01 -7.4918568134e-01 -1.3905003071e+00
9.6857899427e-01 -6.9450920820e-01 2.0903786644e-02 -6.9269955158e-02 6.4330959320e-01
4.4187834859e-01 2.9979461432e-01 9.5313869417e-02 2.1134209633e-01 -1.8183561042e-02
9.1691702604e-01 4.3574798107e-01 2.2402431071e-01 6.0720738024e-02 -9.2330336571e-02
3.0986714363e-01 2.6329749823e-01 2.5380671024e-02 -6.3911085017e-03 4.4560584426e-01
5.0122656822e+00 1.8152289391e+00 4.3485823274e-01 -4.7893214226e-01 1.7228415608e-01
3.7574151158e-01 -1.0059826076e-01 -1.0157265663e+00 1.8238034248e+00 1.7090702057e-01
1.6118499041e+00 5.6443315744e-01 3.5099420696e-02 -4.4057063758e-02 -7.8241750598e-02
-1.4938337803e+00 1.3920829296e+00 -3.7683773786e-02 -5.4022882134e-02 -1.0999227762e+00
8.0348443985e-01 -2.5018972158e-01 3.0345717445e-02 -3.3469896764e-02 8.6981987953e-01
1.6456261277e-01 1.1038162708e+00 2.8568706475e-03 -1.6970334575e-02 -4.0553274751e-01
3.3729574084e-01 -1.6543020308e-01 -8.0968314409e-01 1.6465301514e+00 7.7933050692e-02
-3.3369040489e+00 -1.5350269079e+00 -2.0978054404e-01 5.0270813704e-01 1.4577993751e-01
-3.7644052505e+00 -1.2880567312e+00 -7.2587686777e-01 1.7931088209e+00 -2.1659837663e-01
1.3712645769e+00 -1.2636116147e-01 6.5843284130e-02 2.0553106442e-02 9.9644476175e-01
-1.0895373821e+00 5.8848113986e-04 -1.4520166814e-01 2.3017160594e-01 1.8807812929e+00
-1.6151890159e-01 2.1084894240e-01 -8.4428824484e-03 -5.0855901092e-02 -2.3804314435e-01
5.1605086327e+00 1.6315517426e+00 1.0788894892e+00 -2.3260035515e+00 4.0671634674e-01
-3.5198616982e+00 -1.1482609510e+00 1.2092088908e-01 2.8280422091e-01 -1.8330301344e-01
-2.3314721584e+00 1.8017103672e+00 -8.2933239639e-02 -6.9208174944e-02 -1.5302578211e+00
-8.7029039860e-01 1.0389704704e+00 -1.1336783879e-02 4.4186026789e-03 -2.5326454639e-01
2.9804274440e-01 -2.2940224409e-01 1.5037967823e-02 -8.4665194154e-03 1.6558018327e-01
2.2364747524e+00 6.8402212858e-01 -7.8255511820e-02 -5.8869626373e-03 2.0554704964e-01
-1.5354332924e+00 -5.4050689936e-01 -2.9307110235e-02 2.1203885972e-01 9.0601515770e-01
-1.9135210514e+00 -5.9352722019e-02 -8.6756329983e-03 6.1163362116e-02 -7.1438676119e-01
-3.8908798695e+00 -1.5739063025e+00 2.4920369685e-01 8.3350852132e-02 6.9117404521e-02
-4.3646275997e-01 -9.4006426632e-02 9.0099992231e-03 1.7672365531e-02 4.2035624385e-02
-1.6398458481e+00 -6.0072624683e-01 -9.1925430298e-01 3.2223591805e+00 1.1737318709e-03
3.4098270535e-01 2.9168814421e-01 -4.5219496824e-03 -5.6642092764e-02 2.0488734543e-01
6.5716016106e-03 5.8684201213e-04 1.1098757386e-02 -2.7723792940e-02 1.2742611580e-03
1.4979640245e+00 -1.2181576490e+00 8.4581106901e-02 6.9068789482e-02 1.0506299734e+00
