-1.2358736247e-02 -2.6362530887e-02 4.3048322201e-02 3.9786204696e-02 7.2195395827e-02 1.1365336180e-01 -1.7515078187e-02 -1.9927989691e-02 -4.2080368847e-02 2.8698483109e-01 -6.0660231858e-02 6.7639000714e-02 1.8287511542e-02 -3.7183549255e-02 1.0292205215e-01 -8.3653755486e-02 2.0619038492e-02 -1.1279868893e-02 9.8045423627e-02 -9.4759739935e-02 -1.2815062702e-01 -1.3505490124e-01 -1.1020302027e-01 -2.8934637085e-02 -4.7160487622e-02 1.6657520831e-01 6.4398340881e-02 -1.1565041728e-02 1.0703274049e-02 1.2921959162e-01 1.0103520006e-02 -2.7613756061e-01
-4.6867708443e-04 7.8434566967e-04 -6.4292596653e-03 3.2329375972e-04 -1.3901824423e-04 2.7125317138e-04 -3.8696083357e-04 9.2541298363e-04 -1.4195409603e-03 5.7279290631e-03 2.9461064842e-03 6.3195219263e-04 -1.5363669954e-03 3.5110644531e-03 3.9584568003e-04 -1.6716845566e-03 -9.1285957024e-04 6.4314892516e-03 8.1231206423e-05 -1.5476401895e-03 -3.5174626391e-03 -4.8657023581e-04 -3.2087019645e-04 1.3479016488e-03 1.4103052672e-03 5.3965998814e-04 -1.0728412599e-04 -1.6649059253e-03 -7.8436319018e-04 1.6577219358e-03 -6.9901207462e-04 4.3625892140e-03
-7.2934580967e-03 -2.7798737865e-03 7.4694375508e-03 1.0438876925e-03 8.8681681082e-03 -2.9047583230e-03 1.8763963599e-03 -3.7189708091e-03 -1.1251527816e-02 -4.9062635750e-02 4.4124224223e-03 -5.9004351497e-03 2.6505300775e-03 1.7811504949e-04 4.6522119083e-03 4.9400626449e-04 2.9320495669e-03 -4.6865083277e-03 5.1004756242e-03 -1.2006112374e-03 3.0940303579e-02 1.1794432998e-02 1.9077173783e-04 -8.3279708633e-04 -5.6535732001e-03 -8.5144164041e-03 -2.1014155354e-03 -1.0735570453e-02 -1.1486606672e-03 -1.2409480289e-02 -1.6727349721e-03 3.1118324026e-02
-7.0994981797e-04 -1.0260816198e-03 1.7093159258e-03 1.9115605028e-06 -6.9705443457e-04 -4.9619097263e-04 -1.8015719252e-03 -2.2366163321e-03 -1.0285378667e-03 -1.2121809646e-02 -4.7793979757e-03 -1.0939768981e-03 -8.1364950165e-04 -5.3876964375e-04 1.0648387251e-03 4.0970169939e-03 5.7037448278e-04 -4.5055518858e-03 -1.0020976188e-03 9.1345002875e-04 -2.2021676414e-03 -1.3515654719e-03 1.9595699850e-03 3.2787828241e-04 6.2301801518e-04 2.7976580895e-03 -5.8204988018e-03 -1.9278910477e-03 -1.8709241413e-03 2.8571260627e-03 4.4009569101e-03 -1.3182434253e-02
8.3160489798e-02 6.5502852201e-02 -3.0930859968e-02 -1.2667359412e-01 -1.0953509063e-01 -2.7636775747e-02 -2.6687988639e-01 3.1565833837e-02 -1.7086522281e-01 -7.7192381024e-02 5.7947613299e-02 -6.8115890026e-02 -3.7565335631e-02 -1.8591292202e-01 1.2679982185e-01 5.4972097278e-02 6.1283465475e-03 6.2066514045e-02 1.1833620071e-01 1.3652309775e-01 -1.3744734228e-01 8.7445832789e-02 7.7864348888e-02 1.3434906304e-01 -1.0675406456e-01 -2.5526988506e-01 -7.6067969203e-02 5.0565171987e-03 1.4030264691e-02 -1.1928019673e-01 3.3477153629e-03 1.5898340940e-01
-2.2631894797e-02 5.2238171920e-03 1.6791056097e-01 7.8540407121e-02 1.7766344547e-01 6.0229409486e-02 -5.3655415773e-02 3.1345546246e-02 -1.1331894249e-01 8.3018571138e-02 -3.7048429251e-02 1.7117548734e-02 -4.3573971838e-02 -6.1869204044e-02 1.4194880426e-01 -1.0631033033e-01 -2.2775409743e-02 -4.1998553206e-04 1.2541414797e-01 1.1688737571e-01 2.6747652888e-01 -7.0095665753e-02 -9.8847404122e-02 -4.0207400918e-02 -4.2843925767e-03 8.2912646234e-02 -4.0685713291e-02 9.0565849096e-03 -1.7608450726e-02 2.0030088723e-01 -1.1352852918e-02 -1.3970708847e-01
2.6215817779e-03 2.0447412971e-03 3.6187188234e-03 1.7100018449e-03 -5.9908628464e-04 -2.4257909972e-03 -4.4613427599e-04 -7.4635830242e-04 9.9540303927e-04 1.1154905893e-02 -2.0239853766e-03 -2.5131471921e-03 -1.6679067630e-04 -5.0537986681e-04 2.5875255233e-04 2.8820503503e-03 -6.7387189483e-04 -2.7203245554e-03 -7.2786287637e-04 -2.6056822389e-03 1.0300541762e-03 -8.5774686886e-04 -1.1209544027e-03 -1.2190859998e-03 1.2152477866e-03 -4.1543346015e-04 2.2766399197e-03 -9.3073060270e-04 5.2450289950e-03 2.6512783952e-03 2.9747297522e-03 -9.1247055680e-03
-1.2980104983e-01 6.7733451724e-02 6.5459929407e-02 -1.2386657298e-01 3.5446036607e-02 -1.0617056489e-01 -1.2809847295e-01 -2.2551943548e-03 9.3910560012e-02 -3.1037357450e-01 5.2261784673e-02 1.8936844543e-02 -6.5998863429e-03 -1.2756368518e-01 1.3522879779e-01 7.6802536845e-02 -2.6262266561e-02 -1.2543472461e-02 8.9854441583e-02 2.6690876111e-02 1.8079866469e-01 1.0276614875e-01 4.4329077005e-02 2.4363118410e-01 1.1854739487e-01 -1.5895058215e-01 1.3467091322e-01 -4.7184173018e-02 1.3653618284e-02 -1.4929896593e-01 -1.1131762527e-02 2.7330946922e-01
-6.5725803142e-04 -5.0976924831e-04 -4.5666587539e-03 -2.1774629131e-03 -4.8315101303e-03 -3.5471192678e-04 1.2013869127e-03 -2.0919991657e-03 2.5491926353e-03 -3.2015717588e-03 3.0818353407e-03 -3.2187163015e-04 1.1192891980e-03 1.7224459443e-03 -4.6811094508e-03 5.1449099556e-04 -7.8781420598e-04 -8.4172684001e-04 -1.7051195027e-03 -1.8996276194e-03 5.8960714377e-03 6.7480385769e-04 1.0563211981e-03 -7.9089275096e-04 -7.7154766768e-04 -1.2626261450e-03 -3.4309254261e-04 -4.3606723193e-04 -1.0795219569e-03 -2.7381302789e-03 -1.0638912208e-02 1.4915587381e-02
2.1480976138e-03 -2.2116926266e-04 -3.3407474402e-03 -2.0286953077e-03 -1.1109614279e-03 1.6103625530e-03 1.5928228095e-04 4.2484742589e-03 1.0976253543e-03 -7.5534108328e-04 -1.7647208879e-03 3.0561680906e-03 1.6358753201e-03 9.0868474217e-04 2.6973008062e-04 -3.2172398642e-03 -1.0657722596e-03 -2.8658455703e-03 3.0378031079e-03 3.2192100771e-03 -1.5495449305e-02 -3.5036238842e-03 -5.8074644767e-04 1.4910205500e-03 2.7859783731e-03 4.8778387718e-03 -1.2745091226e-03 4.1899546050e-03 -5.1441942342e-03 1.9246496959e-03 7.4206343852e-03 -1.5587622300e-02
-1.6237951815e-02 -4.6903803013e-03 -1.1355005205e-02 -1.2322474271e-02 -6.9231670350e-03 -8.7756942958e-03 -1.2349051423e-02 -1.3496837346e-03 -1.5333911404e-02 -7.7392056584e-02 5.5419499986e-03 -8.8610936655e-04 4.9716052599e-03 -2.8866578359e-03 7.5224307366e-03 3.9084507152e-03 2.5902120396e-03 6.1290478334e-04 1.3619705103e-02 -4.9881548621e-03 4.1645880789e-02 2.1843513474e-02 -2.5539798662e-03 6.3252802938e-03 -7.5586005114e-03 -1.9866557792e-02 -7.7239754610e-03 -2.3949095979e-02 -2.9627038166e-03 -1.6188168898e-02 5.0593242049e-03 7.6714403927e-02
-1.1992724985e-01 -3.8359107971e+00 -5.0773227215e-01 -3.3985787630e-01 -7.1619206667e-01 1.9700802863e-01 -4.4463729858e+00 -8.8596260548e-01 -1.2342876196e+00 5.5224943161e-01 -6.6941541433e-01 -1.1952281930e-03 1.3464145362e-01 2.2839472294e+00 3.3513755798e+00 -8.2384210825e-01 -6.0537344217e-01 7.4844285846e-02 -4.4523715973e+00 2.3359808922e+00 -7.4974346161e-01 -7.8958481550e-01 -1.8869449198e-01 -1.7139344215e+00 1.0634062290e+00 1.6679526567e+00 2.9509842396e+00 2.1799449623e-01 1.3683979511e+00 -1.8506968021e-01 -4.6249744482e-03 -7.8325825930e-01
-2.8533139825e-01 -9.0159356594e-02 4.0526051074e-02 2.9327386990e-02 1.1320748180e-01 -2.0300246775e-01 9.8209410906e-02 1.2742862105e-01 -8.2452833652e-02 -4.5608368516e-01 2.2896659374e-01 -6.4341269433e-02 -1.4634561539e-01 -1.2292084843e-01 2.6025897264e-01 1.5413740277e-01 2.7680837084e-03 -1.1476600543e-02 2.4292476475e-01 1.6907887161e-01 4.8099240661e-01 2.3639073968e-01 -2.7759891748e-01 6.0252629220e-02 -7.9368464649e-02 -2.9217761755e-01 6.9495797157e-02 -1.6008856893e-01 1.2141000479e-02 -1.4198933542e-01 -9.0711051598e-03 4.7039771080e-01
2.4258547637e-04 -2.7781906538e-03 -3.1744517386e-02 -2.2975460161e-03 -8.9825578034e-03 1.7369984416e-03 3.4675903153e-03 -1.6497909091e-03 -1.0114115867e-04 -1.7500052229e-02 -3.7984547671e-03 -3.6154140253e-03 4.3723140843e-03 1.3123122975e-02 -1.0178663768e-02 1.1363793164e-02 -2.0558019169e-03 -1.6318028793e-03 -9.3718012795e-03 -2.0906062797e-02 2.7867353056e-03 2.2772749886e-02 1.1547700269e-03 -5.7943761349e-03 1.3054801384e-03 -1.4109052718e-02 3.9536054246e-03 -1.5719456598e-02 -2.5876213331e-03 -2.8758995235e-02 -1.1237314902e-02 9.6977323294e-02
-4.6960063279e-02 -6.8780723959e-03 -2.6668000966e-02 2.7044953778e-02 4.5017637312e-02 -1.2782880664e-01 2.1484507248e-02 -2.7860796079e-02 -5.4380711168e-02 -1.7023129761e-01 3.2753642648e-02 -1.0242987424e-01 1.6627790406e-02 1.5667904913e-01 -3.9818353951e-02 9.1704577208e-02 3.5339489579e-02 -9.4576133415e-03 -4.3377824128e-02 -1.9168736041e-01 1.4313378930e-01 1.3963422179e-01 7.8857101500e-02 6.8686388433e-02 -4.6901650727e-02 -5.3887203336e-02 8.8101334870e-02 -7.5241759419e-02 -1.4900644310e-02 -5.0810612738e-02 -3.4618549049e-02 2.4816852808e-01
-1.4714204706e-02 -1.2707613641e-03 1.7939655110e-02 -1.4029075392e-03 2.6507698931e-03 -5.2211810835e-03 -2.7222028002e-03 -2.3036538623e-03 -9.2346919701e-03 -5.1297631115e-02 5.3947265260e-03 -7.1286531165e-03 4.2503355071e-03 -4.1997421067e-04 -1.1599698337e-03 2.6038198266e-03 1.6264887527e-03 -2.0694816485e-03 4.0823132731e-03 -6.3153455267e-04 5.4088726640e-02 3.3908236772e-02 -1.3153196778e-03 -6.8816682324e-04 -2.6278136647e-04 -2.2062955424e-02 -3.8647917099e-03 -2.7702772990e-02 8.1919616787e-04 -3.0130336061e-02 5.5307638831e-03 1.3191306591e-01
-1.8397665117e-03 1.0974982288e-03 -8.2161300816e-04 -3.4829222132e-03 4.8232260160e-03 1.5349575551e-03 -5.4847385036e-04 3.7496555597e-03 -5.7402634993e-03 -1.5908373520e-02 -5.2385441959e-03 2.2762755398e-03 2.2143370006e-03 2.0888708532e-03 1.0302353185e-03 -1.6281976132e-03 1.8565793289e-03 -3.4479754977e-03 6.2398295850e-03 -7.5033027679e-04 7.5981612317e-03 7.9849092290e-03 -2.9351939447e-03 -1.3126300182e-03 -2.7701368090e-03 -4.6727028675e-03 1.4252262190e-03 -4.5602698810e-03 8.8932045037e-04 -3.8116532378e-03 -9.2954970896e-03 2.5652751327e-02
-8.2639185712e-04 1.6349292127e-03 2.4571036920e-03 -1.9618595616e-05 3.9695594460e-03 1.2209498091e-03 -2.0402313385e-04 -1.1328720720e-03 -9.0083107352e-04 -2.0853122696e-03 -7.2099658428e-04 -7.4888777453e-04 -1.2444804888e-03 -2.4633968133e-04 6.3127191970e-04 -1.3599609956e-03 2.0594736561e-03 -3.8021276705e-03 1.8099787412e-03 -1.0936590843e-03 4.1940174997e-03 4.2919497937e-03 7.1801018203e-04 4.5380747179e-04 -3.6637380254e-03 -2.5239565875e-03 2.4154412095e-03 -2.1826741286e-03 5.5647585541e-03 -2.3667791393e-03 -9.2453928664e-04 1.1431210674e-02
3.6101008300e-03 -3.5729478113e-03 -3.7081951741e-03 4.7504147515e-03 -3.5632888321e-03 -6.6915526986e-03 4.2711296119e-03 -2.4950490333e-03 8.0795749091e-04 1.5720032388e-03 3.3825379796e-03 -9.6974223852e-03 1.8085468328e-03 4.8098079860e-03 -7.0426985621e-03 4.5677558519e-03 4.5712137944e-04 -5.4672509432e-03 -8.5105774924e-03 -3.7923373748e-03 1.2591488659e-02 -1.1763445800e-03 5.0052918959e-04 -2.3779941330e-05 -3.9839437231e-03 -5.0866599195e-03 3.7335138768e-03 -3.6385381827e-04 -2.0759254694e-03 -1.5890856739e-03 -9.8789890762e-04 -9.8476596177e-03
8.1524634361e-01 1.3357241154e+00 -2.4002132416e+00 3.6521647125e-02 4.4704958797e-02 -2.4157999456e-01 -1.0655578375e+00 -7.1812611818e-01 -3.4649053216e-01 4.4091548920e+00 -1.0704969168e+00 2.1463541985e+00 -1.6620250046e-01 9.1419685632e-03 8.0797243118e-01 -1.4431679249e+00 -7.9622286558e-01 4.7037816048e-01 -1.4528496265e+00 1.0191190243e+00 1.8107696772e+00 -3.4257617593e-01 -5.2517116070e-01 -6.9573581219e-01 -7.6135325432e-01 1.5713918209e+00 5.2768152952e-01 -1.6799442470e-01 -5.0524819642e-02 -1.2211863697e-01 -3.3323492389e-03 -4.0574936867e+00
-3.3430737257e-01 -4.3845300674e+00 1.0177323967e-01 -4.4796335697e-01 -6.7316675186e-01 -3.5537707806e-01 -4.1993045807e+00 8.2468831539e-01 -9.3364709616e-01 -3.2771062851e-01 3.6227256060e-03 -4.1527715325e-01 2.4679604918e-02 2.0206353664e+00 2.8780825138e+00 -2.4337345362e-01 -2.6239299774e-01 9.7066573799e-02 -3.9218101501e+00 2.0427429676e+00 6.2218147516e-01 1.3043867052e-01 -6.1630676500e-03 -1.5835871696e+00 -2.2313793004e-01 1.2748148441e+00 2.7340838909e+00 1.2274774164e-01 3.5324662924e-01 -7.2483724356e-01 -2.3288859520e-03 1.5256415308e-01
-1.3960822485e-02 3.9341067895e-04 1.4010471292e-02 4.3581514619e-03 1.5052974224e-02 -2.2420394234e-03 -1.5198318288e-03 -4.7332239337e-03 -1.4907865785e-02 -4.6204019338e-02 3.9506154135e-03 -7.0534832776e-03 7.1253073402e-03 -5.4068648024e-04 1.7432627501e-03 4.7383434139e-03 1.7079859972e-03 -5.3297932027e-04 4.4935760088e-03 -1.2563725002e-02 5.1494210958e-02 2.9404429719e-02 -3.6481537973e-04 -4.3088067323e-03 3.4658695222e-04 -1.5944914892e-02 5.7369917631e-03 -1.9327851012e-02 -5.7138723787e-04 -3.1811695546e-02 1.8375732470e-03 1.1973053217e-01
-7.7156233601e-03 -3.8541504182e-03 1.2415182777e-02 -1.2434649980e-03 2.7225129306e-03 -5.3861215711e-03 5.3895669989e-03 -5.2703413530e-05 -1.0103922337e-02 -6.8455189466e-02 4.7570122406e-03 -5.5923052132e-03 2.1826704033e-03 1.5832697973e-03 -3.5473802127e-03 3.7799626589e-03 6.9772155257e-04 -3.1873129774e-03 -2.2771973163e-03 1.4515133807e-03 4.6985074878e-02 2.2391438484e-02 -4.7740209848e-03 -7.6650674455e-03 -1.7063383712e-03 -1.7083821818e-02 -6.8187848665e-03 -1.7511278391e-02 -2.6489854790e-03 -2.3355381563e-02 1.6574955080e-03 8.3213560283e-02
-5.5311225355e-02 -1.4840711653e-01 2.4113481864e-02 2.8451124206e-02 4.8458676785e-02 -1.6771860421e-01 3.4421879053e-01 -1.8742941320e-01 -3.9266088605e-01 -3.7002596259e-01 -9.8776733503e-03 -2.7141785622e-01 2.0209178329e-01 1.0092549026e-01 -2.2802926600e-02 1.3155685365e-01 -1.1491792277e-02 2.7260677889e-02 3.2358985394e-02 2.6776978374e-01 4.7887820005e-01 7.6754353940e-02 1.0854139179e-01 -1.5625193715e-01 -1.1280974001e-01 -1.6742055118e-01 -1.3048166037e-01 -3.6939007044e-01 2.9017189518e-02 -2.4352487177e-02 1.6181219369e-02 3.0096551776e-01
2.0637605339e-03 1.9326681504e-03 1.9826472271e-03 2.2353853565e-03 -2.4498545099e-03 -1.8235390307e-03 4.6406436013e-04 7.8263261821e-04 2.7724592946e-03 1.5458249487e-02 2.4341749959e-03 -1.5310514718e-03 4.9454689724e-04 1.5022003790e-03 -3.5408008844e-03 -1.4906958677e-03 -1.5128969681e-03 2.6621948928e-03 5.8394588996e-04 2.0435357001e-03 -3.9196941070e-03 -2.9239270370e-03 -2.8998134658e-03 1.4773468720e-03 1.2719630031e-03 -9.5902383327e-04 4.1748108342e-03 1.5663764207e-03 4.1088457219e-03 2.3893534672e-03 1.4606144978e-03 -1.8059656024e-02
4.1077467613e-03 -8.8195729404e-06 4.6757326345e-04 -8.1729679368e-04 -6.0582463630e-03 -8.9467223734e-04 -3.7305597216e-03 1.0678308317e-03 3.4855627455e-03 9.3647846952e-03 -3.3711430151e-03 -7.4951536953e-04 8.7308633374e-04 -1.5642673243e-03 -1.5687455889e-03 5.4533930961e-04 -2.7110464871e-03 4.0833745152e-04 -2.0366329700e-03 2.6796848979e-03 -9.2130377889e-03 -4.3900888413e-03 3.2294471748e-04 6.5043038921e-04 5.5350870825e-03 6.0208683135e-04 -1.2535972055e-03 1.4739747858e-03 -3.6792824976e-03 6.3000074588e-03 -3.4786881879e-03 -1.7757095397e-02
-1.1264339834e-01 4.9003694206e-02 -4.1283275932e-02 -1.4697840810e-01 1.6130819917e-02 -4.6306332946e-01 1.4907281101e-01 -2.6850533485e-01 -1.5729209781e-01 -2.2453612089e-01 1.2386303395e-01 -1.7312753201e-01 2.8374218941e-01 2.9966098070e-01 -1.0707043856e-01 2.4517910182e-01 4.0949814022e-02 -1.8408279121e-01 -1.2115808576e-01 -1.7608717084e-01 1.1825317144e+00 9.8129194230e-03 -3.6870211363e-02 6.1227302998e-02 -5.5910650641e-02 -1.9547080994e-01 -2.6651209593e-01 -2.6522162557e-01 -2.7947515249e-02 -2.9401230812e-01 -3.6387972534e-02 2.8548201919e-01
-9.2938914895e-03 -2.8874811251e-03 -6.3998824917e-03 3.7490972318e-03 1.2976458296e-02 4.1166899609e-04 4.1667330079e-03 -4.5861159451e-03 -7.8972829506e-03 -5.8167535812e-02 3.7614598405e-03 -4.3927980587e-03 2.4171927944e-03 3.3115325496e-03 2.8382649180e-03 2.2410668898e-03 1.4929486206e-03 1.6772415256e-03 1.1530363699e-03 -9.4740353525e-03 3.1442407519e-02 1.7400266603e-02 -1.9470731495e-03 -4.0270993486e-03 -3.1111452263e-03 -7.4225729331e-03 5.4418318905e-03 -1.2016886845e-02 -2.4433948565e-03 -1.7549868673e-02 -3.7442978937e-03 7.4428871274e-02
6.9730401039e-02 -6.6637448967e-02 -4.9430277199e-02 -1.4682260156e-01 6.5578877926e-02 2.0347458124e-01 1.5169683099e-01 -7.2916798294e-02 1.1823121458e-01 4.8013550043e-01 -6.6088967025e-02 2.3644843698e-01 8.0541282892e-02 7.5072593987e-02 -4.7636490315e-02 -1.2906588614e-01 2.3631254211e-02 3.5542253405e-02 -1.3769220561e-02 2.1984013915e-01 -5.4524397850e-01 -6.4951919019e-02 -3.2202813774e-02 9.8670311272e-02 -1.0556086153e-01 2.6796799898e-01 5.2624318749e-02 1.8704201281e-01 2.9260797426e-02 2.0845782757e-01 -1.2653554790e-02 -3.7143269181e-01
-3.2567137387e-03 7.7907368541e-04 8.5237406893e-04 2.4016753305e-03 4.3517122976e-03 1.2376692612e-03 1.5701154480e-03 -6.8992591696e-04 -9.4280275516e-04 -2.1043885499e-02 2.0469361916e-03 -3.3123980393e-04 -4.2566255433e-04 -3.6513298983e-04 1.0622100672e-03 -1.0686017340e-03 1.8603919307e-03 -1.0194048518e-03 9.5857679844e-04 -1.5668083215e-03 1.1659914628e-02 4.2906836607e-03 7.6850980986e-04 -1.3734513195e-03 -2.8483148199e-03 -3.3901825082e-03 1.1491861660e-03 -1.1875993805e-03 3.2198391855e-03 -6.3961124979e-03 4.2795417830e-03 1.4299952425e-02
2.0610498264e-02 9.4517832622e-03 -4.3912731111e-02 2.5105973706e-02 1.5753595158e-02 4.0200483054e-02 -5.1821749657e-02 4.3953917921e-03 -2.3858670145e-02 1.6015754640e-01 -2.7095969766e-02 1.1266340502e-02 -2.8531870339e-03 -5.4211385548e-02 6.4528591931e-02 -3.3274970949e-02 9.8574580625e-03 2.3118155077e-03 4.9936406314e-02 -3.2683052123e-02 -9.2648848891e-02 -8.6800590158e-02 -1.2596483342e-02 -1.0874553584e-02 -1.9324423745e-02 7.0108003914e-02 1.5837626532e-02 4.0733817965e-02 -1.9816989079e-03 9.6601605415e-02 6.6913254559e-03 -2.3080869019e-01
-5.2163046785e-03 -3.4669626039e-03 -6.9518587552e-03 -4.4961883686e-03 2.3536691515e-05 -2.2282311693e-03 1.6616453649e-05 4.9646559637e-04 -1.5954342671e-03 -3.0067149550e-02 1.5819977270e-03 -1.4353728620e-03 6.3700517640e-03 2.0112865604e-03 -3.6543391179e-03 -1.0878866306e-03 -1.4400921646e-04 7.8083755216e-04 9.2438847059e-04 -2.0037561189e-03 1.4562929980e-02 7.0746853016e-03 9.3851808924e-04 6.7924510222e-04 -2.4124472402e-03 -6.3828579150e-03 1.0601193644e-03 -3.2239740249e-03 -3.7683537230e-03 -3.1894703861e-03 -2.6581254788e-03 1.7989177257e-02
