2.9014486074e-01
4.3104421347e-03
-4.4917471707e-02
-3.6321294028e-03
-2.4629348516e-01
2.7525329590e-01
1.5077255666e-02
-3.8267716765e-01
-6.8622366525e-03
7.4200547533e-04
-7.3623061180e-02
-2.4213904142e-01
-3.1790223718e-01
-6.1435423791e-02
-1.8339395523e-01
-1.1217452586e-01
-2.6649121195e-02
-1.1951574124e-02
2.3964392021e-02
-4.8531225324e-01
-2.4921959639e-01
-9.9502608180e-02
-8.9224375784e-02
-1.0084469616e-01
2.3411232978e-02
1.4582873322e-02
-5.1121461391e-01
-7.8514046967e-02
4.4245645404e-01
-2.3659121245e-02
2.4300631881e-01
-2.1134313196e-02
