-7.5286567211e-02 3.8754037814e-04 -1.7415320035e-03 -1.0830127867e-03 4.2515873909e-01 1.8644368649e-01 1.3464885706e-04 4.2700335383e-02 -1.5373924980e-03 -1.1273212731e-03 -2.3540637922e-03 4.8420000821e-02 -1.6019514203e-01 7.2144943988e-04 -8.2895934582e-02 -3.3068412449e-04 1.5010540374e-03 -1.1100480333e-03 7.5603066944e-04 -9.3803051859e-03 -6.9043986499e-02 -1.3397797011e-03 -5.9209426399e-04 2.8006623033e-03 2.1592582925e-04 4.9157126341e-04 1.0599627346e-01 -9.0704066679e-04 -4.5805770904e-02 -9.0404832736e-04 -6.1584822834e-03 -3.1738888938e-03
-1.7851457000e-01 -1.7958892568e-04 3.3322242089e-03 -1.7832488811e-04 1.3255284727e-01 -1.6787591577e-01 -8.1900029909e-04 3.0846008658e-01 7.1221421240e-04 -9.6554501215e-04 7.2539751418e-03 -9.9790549278e-01 4.8563569784e-01 6.0333861038e-03 1.4601966739e-01 1.0210663080e-02 1.9891206175e-03 5.5740930839e-04 -7.7755050734e-04 -1.2440586090e+00 1.0245414972e+00 8.8002597913e-03 7.2609921917e-03 4.3190518022e-01 -1.0411790572e-03 -1.0138264624e-03 7.3010057211e-01 6.6962260753e-03 -5.0924456120e-01 1.3033610303e-03 -8.7710790336e-02 1.9518553745e-03
-2.8730707243e-02 1.5843575238e-04 1.0985424742e-03 -1.2786298757e-03 -7.6792895794e-02 5.9672173113e-02 -2.4035673123e-03 -7.6782651246e-02 1.4236235293e-03 1.9367213827e-03 3.4394316026e-04 4.6454435587e-01 1.6930673271e-02 2.5563526433e-03 4.1646502912e-02 9.9512317684e-04 1.7472710460e-03 -2.5010930840e-03 1.0407452937e-03 3.0651214719e-01 -5.1820152998e-01 1.8241093494e-03 2.0313940477e-03 1.9239131361e-02 -9.8778482061e-04 2.0589127671e-03 -1.3782215118e-01 1.9522436196e-03 6.7985981703e-02 -1.9018204184e-03 -9.0343514457e-03 3.0967406929e-03
2.8065115213e-01 1.8622892676e-03 -7.3108950164e-04 -3.0398592935e-04 -3.6911085248e-02 2.5289666653e-01 -1.1752399150e-03 -9.8045855761e-02 -1.1074987706e-03 2.1444607992e-03 3.6004178692e-03 -1.6029263735e+00 3.4873789549e-01 -5.7172891684e-03 -2.3092634976e-01 -8.4382010391e-04 3.4993032459e-03 -2.6285266504e-03 -4.3961443007e-03 -5.8962756395e-01 1.5546928644e+00 -2.3528744932e-03 -1.4998411061e-03 1.5540757775e-01 1.1372239096e-03 2.7004424483e-03 3.8198396564e-01 -2.4853786454e-03 2.2434511781e-01 -2.4870219640e-03 6.0558635741e-02 1.0914315935e-03
-2.0277241245e-02 1.2241620570e-03 1.2336949112e-05 -5.0365366042e-04 4.4226512313e-02 -3.8994301111e-02 2.7105762274e-04 1.3121587224e-02 1.1544985464e-03 -9.5942983171e-04 5.3336210549e-03 -2.2141049802e-01 6.8507576361e-03 3.1838123687e-03 2.6915040798e-03 9.1173331020e-04 3.1056537409e-04 1.4633029932e-03 -1.5342046972e-03 4.4663138688e-02 -2.2699353099e-01 -1.1642470490e-03 -6.6235125996e-04 -1.8030945212e-02 -5.6370114180e-05 -1.7811940052e-03 2.9539933428e-02 2.3954357312e-04 2.0626417827e-03 1.4873933978e-03 -2.3933134507e-03 1.4726024820e-03
-3.6072317511e-02 3.0339537261e-05 -2.7424294967e-03 -5.8208510745e-04 5.1937334239e-02 -1.7904023407e-03 1.9829808734e-03 -3.2383121550e-02 -1.2598043540e-03 -8.5774506442e-04 -3.4317283425e-03 -4.4715993106e-02 -3.7574984133e-02 -9.5771893393e-04 -3.4210771322e-02 -2.9595736414e-03 6.8233488128e-04 -4.5760782086e-05 -4.0026090574e-04 2.8711089864e-02 4.1424959898e-02 -3.1285700388e-03 -2.8448032681e-03 -6.8170474842e-03 1.2452972587e-03 2.9511313187e-04 -4.3236356229e-02 -3.4438958392e-03 -5.1816880703e-02 -1.9250900368e-04 4.8403651454e-04 -2.0729496609e-03
5.2760645747e-02 2.2231631738e-04 -8.8911282364e-04 -7.9691933934e-05 -4.5608557761e-02 4.5874603093e-02 1.6914180014e-04 -8.5211142898e-02 -2.8938683681e-04 -2.6877073105e-04 -2.2016637959e-03 8.6055397987e-02 -1.4287286997e-01 -1.0701294523e-03 -3.4841127694e-02 -2.7215413284e-03 -6.5108318813e-04 -2.4617128656e-04 4.4043836533e-04 2.0079155266e-01 -8.4605038166e-02 -2.0233092364e-03 -1.6736624530e-03 -9.0710282326e-02 2.2066490783e-04 3.9182748878e-04 -1.1671698093e-01 -1.0627523297e-03 1.3905134797e-01 -4.5556921395e-04 2.5338862091e-02 -6.3596613472e-04
3.0610123649e-03 -1.2900838919e-04 1.8991861725e-04 2.1031932556e-04 6.7390377808e-05 4.1639874689e-03 -8.0512298155e-05 -5.2691963501e-03 -3.0801467801e-05 2.3382241488e-04 -7.7509888797e-05 1.4421325922e-01 -1.3526964933e-02 -1.7147151812e-04 -2.0328806713e-03 -2.8363358069e-05 -6.2497718318e-05 -2.0062470867e-05 1.5914872347e-04 2.7292789891e-02 -1.5264196694e-01 -6.1202503275e-05 5.9142992541e-05 -1.1179410852e-02 -2.8314875090e-04 4.2009320168e-05 -2.6777967811e-02 -3.5286218917e-05 1.2550457381e-02 3.7623689423e-05 1.8043123418e-03 4.7575773351e-05
-4.6837199479e-02 -6.6060594690e-05 2.8169173675e-05 -3.5000403295e-04 -9.2878891155e-03 -1.5336114913e-02 -3.6847428419e-04 1.0558245704e-02 6.9067394361e-04 2.5965610985e-04 -1.5479697322e-04 2.2283154726e-01 -2.0908318460e-02 8.9889060473e-04 2.5001116097e-02 -2.2938199982e-04 -4.2059482075e-04 -1.6717123799e-04 4.9395556562e-04 4.6207942069e-02 -2.2288709879e-01 1.1072285270e-04 -7.8770535765e-05 -1.7881486565e-02 5.0497328630e-05 -2.0459889492e-04 -3.1653400511e-02 7.4378447607e-05 2.3670054972e-02 -9.1610099844e-06 -1.0701810010e-02 7.2609150084e-04
7.1239188313e-02 -2.9610891361e-03 1.3302604202e-03 -1.7195438268e-03 -1.4245352149e-01 7.2705514729e-02 -5.3583690897e-04 -3.5611931235e-02 -3.0108932406e-03 3.3962430898e-03 -1.2785059400e-02 -5.0735224038e-02 7.9059507698e-03 -3.3396144863e-03 1.6461692285e-03 -6.0342380311e-04 3.1338718254e-03 -3.9260620251e-03 3.6711487919e-03 -1.0061985254e-01 -4.2287483811e-02 8.7782060727e-03 3.5918203648e-03 3.9914850146e-02 -6.3416082412e-05 4.2151776142e-03 -1.0473699868e-01 4.4199614786e-03 -2.8522233479e-03 -4.3765860610e-03 9.6703749150e-03 -8.0011121463e-04
