-2.8733581305e-01
8.4532302618e-01
1.0846978426e+00
1.0716891289e-01
6.2657415867e-02
6.8358850479e-01
6.4389246702e-01
1.4044666290e-01
3.5074332356e-01
-2.2031762600e+00
-2.8253635764e-01
-1.1624370813e+00
-3.1372725964e-01
-3.0044004321e-01
-4.1147491336e-01
-1.5826077759e-01
1.2020249367e+00
1.6258154064e-02
7.3347771168e-01
-5.5038321018e-01
-2.0527737141e+00
-7.1536082029e-01
6.8817414343e-02
2.1682161093e-01
3.4690484405e-01
-2.5429376960e-01
-5.2245420218e-01
4.5269459486e-01
2.8240057826e-01
2.7563899755e-01
5.9567311837e-05
1.9855009317e+00
