-1.5420401096e-01
3.3908167388e-03
3.0728519778e-04
3.5576988012e-02
2.9468500614e-01
6.5028466284e-02
-3.1307194382e-02
3.2524175942e-02
-8.2834191620e-02
-1.7252065241e-02
6.8890869617e-02
5.1295477897e-03
1.0026378185e-01
-4.0466897190e-02
3.1950494647e-01
7.7358961105e-02
3.9039667696e-02
1.2236623093e-02
-2.2738890722e-02
-3.8096777280e-04
-5.1548920572e-02
1.3657327509e-03
-3.4448280931e-02
2.3732273281e-01
3.2223507762e-01
-2.3034922779e-01
2.4661827832e-02
3.3651185036e-01
3.2646365464e-02
1.3828833587e-02
3.1541803479e-01
-1.2385794893e-02
6.2488812953e-02
-2.7190780267e-02
-3.4341800492e-03
-3.7302686833e-03
1.8709672149e-03
6.3844628632e-02
3.7871401757e-02
3.3818775415e-01
-6.4811475575e-02
-7.8171536326e-02
-2.6652752422e-03
-2.5101203471e-02
-1.1843630113e-02
-3.0651295558e-02
-1.5441236319e-03
-3.4243166447e-02
-3.6837209016e-02
1.4036325738e-02
-1.5039071441e-02
-1.6385030001e-02
1.1348305270e-03
3.0054029077e-02
2.9876640067e-02
-6.5079890192e-03
-2.2331885993e-02
6.5653972328e-02
-8.1042319536e-02
-2.7752036694e-03
-1.8026318401e-02
-6.1944168061e-02
4.7640544362e-03
-4.2951080948e-02
-4.1885156184e-02
-4.7128149308e-03
1.3008665992e-03
4.5310834050e-01
-5.6693598162e-04
4.8000045121e-02
-1.8587160856e-02
-1.6752345860e-01
-3.2076346874e-01
1.8449503928e-02
-1.6155876219e-02
7.6744086109e-03
-8.2093784586e-03
-4.0607891977e-02
2.4251707364e-03
1.0660298867e-03
-1.5256724320e-02
-2.3478154093e-02
4.2612094432e-02
1.9888766110e-02
-4.9076564610e-02
-1.3486959971e-02
2.0547399763e-03
5.2108924836e-02
-4.9876011908e-03
-3.3912200481e-02
1.9587896764e-02
-7.5977863744e-03
-6.6563844681e-02
-2.7236072347e-02
6.6886707209e-03
-5.6477516890e-02
-3.0990749598e-02
-1.4775132760e-02
-2.0978502929e-02
3.3209484071e-02
-1.1403104290e-02
3.3636730909e-01
-4.0515560657e-02
2.3042604327e-02
1.8353920430e-02
-3.2667160034e-02
-1.1569278315e-02
-5.8145221323e-02
-9.7897127271e-03
3.1850442290e-02
-9.1536520049e-03
4.3773785233e-02
6.7451428622e-03
-6.5380791202e-03
6.4227886498e-02
1.5736819478e-03
-2.1299738437e-03
-3.8492016494e-02
1.5887722373e-02
2.1739084274e-02
5.0845000893e-02
-4.1393283755e-02
-5.2309375256e-02
2.6666005142e-03
-3.5095054656e-02
-6.9948434830e-02
2.5296516716e-02
-4.3881293386e-02
