1.8118672073e-01
-3.5298132896e-01
-2.1756680682e-02
8.0003932118e-02
1.1319898814e-01
-1.6050608456e-01
-5.1609688997e-01
-2.7179768309e-02
1.8044581637e-02
3.5074818134e-01
1.0039660335e-01
2.4206717312e-01
-2.0284414291e-01
3.0661601573e-02
-1.6317504644e-01
-3.6138322204e-02
2.0915627480e-02
1.8974682689e-01
-1.4373608865e-02
-9.1727964580e-02
-2.3593530059e-01
2.3826652765e-01
-6.9370709360e-02
-1.0767574608e-01
-2.0201447606e-01
-3.4094668925e-02
-1.0356449336e-01
-1.9830778241e-01
1.3935994357e-02
-1.8434489146e-02
7.9155139625e-02
-8.7697632611e-02
-1.8429961056e-02
-5.3253963590e-02
-1.3582977653e-01
3.2251179218e-02
2.9355354491e-04
-8.4878757596e-02
1.0569785535e-01
-7.5196474791e-02
2.6321378350e-01
2.4316467345e-01
-9.0694107115e-02
-1.5229918063e-01
2.1996777505e-02
-2.3648199439e-01
7.0222519338e-02
3.0389872193e-01
1.9992602989e-02
1.0958302021e-01
-1.6273981333e-01
-1.3882042468e-01
-2.1702601016e-01
-1.3921487331e-01
-2.2167226672e-01
-1.3212282956e-01
-2.1825224161e-01
-1.1744831502e-01
-1.8815648556e-01
-9.1770719737e-03
-6.5584503114e-02
-1.5680639073e-02
-9.0883329511e-02
2.1684303880e-01
5.3103338927e-02
-2.3350408301e-02
-2.7507210150e-02
3.4865697380e-03
-4.5124134049e-03
-1.2065650523e-01
2.3188491166e-01
-1.4563284814e-01
1.9938310981e-01
1.2768179178e-01
-1.8536513671e-02
2.5124526024e-01
2.0170207322e-01
-1.9274798036e-01
-9.5245189965e-02
-2.2377679124e-02
5.0368405879e-02
-6.0146082193e-02
5.3978651762e-02
1.9608067349e-02
2.9459403828e-02
-1.8256503344e-01
-1.4982824028e-01
-1.7377100885e-02
-4.3226931244e-02
2.5188142899e-03
5.2378382534e-02
6.5530002117e-02
-2.5679782033e-01
-1.7462876439e-01
3.4096803516e-02
1.8560545519e-02
-1.8731129169e-01
2.7143883705e-01
2.4000598118e-02
-1.0733407736e-01
-2.5996643305e-01
2.9281187057e-01
-2.1909464151e-02
1.9105629623e-01
1.6007457674e-01
1.1759803444e-01
1.1615943164e-02
2.2260838747e-01
5.5415283889e-02
1.3103261590e-01
7.2105057538e-02
-1.3329862058e-01
1.5002068877e-01
-9.1724261642e-02
-1.1379829049e-01
-1.3805216551e-01
-3.1766835600e-02
3.9469640702e-02
2.0103473216e-02
-6.7222006619e-02
9.4646953046e-02
2.2969670594e-01
3.8707526401e-03
-2.7289995924e-02
-8.3838433027e-02
5.7857157663e-04
6.3814200461e-02
2.1108852327e-01
