2.9905590415e-01
5.7856792212e-01
2.8152790666e-01
-2.7877664566e-01
-1.9879160821e-01
7.0893660188e-02
2.6052439585e-02
-1.0917542875e-01
-7.2935193777e-02
3.5954606719e-03
1.9089618325e-01
-1.0609339178e-01
-1.6753895581e-01
-6.1467118561e-02
-9.2971578240e-02
1.6849854589e-01
-2.1432992816e-01
3.0366694555e-02
3.5737565160e-01
-9.1061383486e-02
-3.5428753495e-01
-2.0057970285e-01
1.5411530435e-01
1.2455638498e-02
9.0054608881e-02
-4.1465353221e-02
-8.4929257631e-02
-5.2885238081e-02
1.0162727535e-01
1.7842528224e-01
1.0372006893e-01
-1.6290903091e-02
4.5743877999e-03
-9.0025044978e-02
2.3832103610e-01
-5.8279152960e-02
-7.1405366063e-02
-1.9319707155e-01
5.8309115469e-02
9.3226619065e-02
1.9602766633e-01
1.4640611410e-01
-2.3645707965e-01
8.4743201733e-03
-7.9511381686e-02
-1.6455797851e-01
2.2653350234e-01
8.9632505551e-03
2.5987666845e-01
-4.4835824519e-02
8.2820899785e-02
-5.8232124895e-02
-3.2719571143e-02
1.0351649672e-01
-1.6559320688e-01
-1.6001980007e-01
3.9497032762e-02
1.2158814818e-01
-3.3152662218e-02
-4.4585522264e-03
-2.1053357050e-02
-1.2092321366e-01
-4.0687512606e-02
2.2418454289e-01
2.0290857181e-02
3.3783793449e-02
-1.3335311785e-02
4.1377514601e-01
-1.5182210505e-01
3.1805209816e-02
4.8238564283e-02
1.7197763547e-02
2.3526218534e-01
1.0635446757e-01
2.1618762612e-01
2.6578055695e-02
-3.6899589002e-02
3.5769112408e-02
1.3713633642e-02
-1.4715115726e-01
-1.1536548845e-03
-1.4810365438e-01
-2.0087011158e-02
3.2054632902e-02
-8.5319191217e-02
4.2596526444e-02
-5.1123850048e-02
3.9777226746e-02
-4.2167026550e-02
-5.6026186794e-02
-5.4944623262e-03
-1.2207949162e-01
1.5755967796e-01
2.1145593375e-02
1.7350724339e-01
3.6987730861e-01
5.3645901382e-02
3.4858402610e-01
-1.1600189656e-01
-7.2955727577e-02
-1.0101146996e-01
5.7025615126e-02
-5.3195431828e-02
-1.8855953217e-01
4.4321238995e-02
1.9102256000e-01
3.8490749896e-02
4.9097016454e-02
1.5293715894e-01
-2.4046691135e-02
1.6233262420e-01
1.0368068516e-01
5.3199023008e-02
1.2200418115e-01
-6.0230717063e-02
6.2897957861e-02
1.1422315985e-01
-2.1978543699e-01
-3.4010399133e-02
4.4829104096e-02
4.9045026302e-02
-2.2946918011e-01
1.8562637269e-02
-1.8951615691e-01
1.8003900349e-01
4.8026412725e-02
-3.3143734932e-01
1.5462969244e-01
