8.5490606725e-03
3.7711393088e-02
3.4231852740e-02
2.1983715706e-03
-4.8679850996e-02
2.7480801567e-02
2.8123440221e-02
3.7136752158e-02
-1.4797836542e-01
-6.7037284374e-02
-1.6447564960e-01
-9.0765552595e-03
-3.8627237082e-02
-1.4130806550e-02
3.3561887685e-03
4.7548279166e-02
7.4877487496e-03
-4.4260665774e-02
1.1224842072e-01
3.5511162132e-02
1.3506245799e-02
5.5370911956e-02
2.6218341663e-02
4.0886528790e-02
-4.4456377625e-02
1.7934364080e-01
1.1998605728e-01
-3.1576450914e-02
9.3032188714e-02
-6.2719114125e-02
-2.0410671830e-01
3.8562115282e-02
5.8878365904e-02
9.7164660692e-02
-5.4215203971e-02
-1.8279011548e-01
1.9305547699e-02
-1.2076280266e-01
-5.0933668390e-03
6.3732564449e-03
-3.8860987872e-02
4.7818219173e-04
-4.3207701296e-02
3.2636269927e-01
9.6519440413e-02
3.0035581440e-02
1.6271038353e-01
3.4908302128e-02
-4.9182423390e-03
-3.0409593601e-03
3.4427333623e-02
4.6893469989e-02
-1.6507569235e-03
-1.7258588225e-02
-4.5516014099e-02
-7.5622993708e-01
8.3862856030e-02
3.0980885029e-01
1.1203929782e-01
1.1718330532e-01
1.8560030730e-03
-7.2567709722e-03
7.2814196348e-02
7.6038101688e-03
-1.3025575317e-02
5.0776693970e-02
-2.3821514100e-02
2.4433052167e-02
1.6923241317e-02
1.2708353996e-01
1.2747685425e-02
-6.7589573562e-02
4.3304782361e-02
4.6024765819e-02
-5.2428677678e-02
-2.3280235007e-02
-6.1242688447e-02
3.1565703452e-02
-5.5592991412e-02
-4.3181270361e-02
-1.4275354333e-02
-8.8999653235e-03
-5.5899679661e-02
4.7659136355e-02
7.4609001167e-03
3.7584573030e-02
9.0670526028e-02
1.4669666067e-02
1.1711242050e-01
8.1889852881e-02
4.1349653155e-02
3.3945336938e-02
2.1535328031e-01
6.9913819432e-02
-1.4221553691e-02
-7.5461298227e-02
3.1465936452e-02
1.0554108769e-02
4.5106019825e-02
7.6897092164e-02
-4.3741270900e-02
6.9753959775e-02
-4.2115626857e-03
-2.0738344640e-02
4.0966920555e-02
1.5418073162e-02
4.1183330119e-02
2.7239531279e-02
3.5635050386e-02
4.6662804671e-03
-9.2597855255e-03
-5.0149753690e-02
-2.0976234227e-02
-1.1577057739e-04
4.8143580556e-02
1.3272255659e-01
-5.7639256120e-03
4.8216756433e-02
1.0010882467e-01
-1.0751171410e-01
-6.3722424209e-02
-1.2375187129e-01
-2.2202085704e-02
-5.9135120362e-02
1.7109232023e-02
8.5045993328e-03
-4.1870448738e-02
-6.9898208603e-03
