5.0529420376e-01 -2.1922093630e-01 -3.1876425743e+00 2.9704089165e+00 3.8400843740e-01
4.4139581919e-01 -2.2796127945e-02 -1.0398080349e+00 -4.3924361467e-01 -4.6002197266e-01
-6.8565642834e-01 -3.9942789078e-01 -4.9670457840e-01 5.1459252834e-01 -1.2035728991e-01
5.3107166290e-01 2.2635228932e-01 8.8460355997e-01 9.8058539629e-01 2.6615649462e-01
-5.1228195429e-01 -2.9490351677e-01 3.2062050700e-01 5.2308887243e-01 2.5599566102e-01
4.1432461143e-01 2.6814407110e-01 -2.8569662571e-01 2.3795685172e-01 -1.8171525002e-01
1.0510285199e-01 5.5062234402e-02 1.8614968061e+00 -2.9564557076e+00 -1.4922643080e-02
-3.8168191910e-01 -4.0411829948e-02 1.1445361376e+00 -2.3214788437e+00 -9.5699802041e-02
1.7540541291e-01 3.3177971840e-01 7.5051860809e+00 -3.4867675304e+00 -2.8174039721e-01
-5.5338591337e-01 -8.7654367089e-02 2.5900533795e-01 -1.2733882666e-01 -2.4071358144e-01
4.3232521415e-01 1.0190530866e-01 1.2099021673e+00 -7.2730195522e-01 -1.5635857359e-02
-7.2175997496e-01 -3.6926633120e-01 3.2574552298e-01 -7.1112447977e-01 1.5667486191e-01
-6.4474827051e-01 6.4714655280e-02 -5.9004235268e+00 4.6181721687e+00 -4.0149539709e-01
4.5336708426e-01 1.3181719184e-01 -1.5562289953e+00 1.2411421537e+00 1.5900355577e-01
-5.4936885834e-01 -1.8375700712e-01 2.3357706070e+00 -1.3243007660e+00 -2.9688984156e-02
4.0047946572e-01 4.0915742517e-01 2.8834879398e-01 -3.2304954529e-01 -4.6055269241e-01
-4.7596621513e-01 -2.9754969478e-01 4.0815925598e-01 1.9686478376e-01 2.4953195453e-01
-4.9786803126e-01 -4.7205492854e-01 7.6471075416e-02 2.2839905322e-01 3.1789866090e-01
5.3650182486e-01 -1.1826324463e-01 -9.2470943928e-02 -2.5241073966e-01 2.1240469813e-01
-4.8208957911e-01 -1.0383732617e-01 -6.3533730507e+00 4.1559238434e+00 -1.0331153870e-01
-5.4258489609e-01 -1.0586525500e-01 -3.7316970825e+00 2.8482370377e+00 1.1307874322e-01
4.8519036174e-01 8.3658523858e-02 3.7089903355e+00 -2.7466750145e+00 3.7680771947e-01
7.5793319941e-01 2.4217745662e-01 1.7140997648e+00 -1.5977836847e+00 2.0337613299e-02
7.4302577972e-01 5.5732083321e-01 4.9596893787e-01 -4.1603040695e-01 -3.0930247903e-01
4.4645911455e-01 3.7799347192e-02 5.3715505600e+00 -4.4826102257e+00 1.7286933959e-01
4.1143867373e-01 3.0578681827e-01 -6.3715648651e-01 -4.9548398703e-02 -1.2921953201e-01
-5.5429756641e-01 -1.6442856193e-01 1.2935436964e+00 7.9084914923e-01 -5.9934493154e-02
-4.0054601431e-01 -1.2818054855e-01 2.4116170406e+00 -7.8963458538e-01 -3.3324878663e-02
2.4773982167e-01 2.0614652336e-01 -1.5991278887e+00 3.0679312348e-01 -2.1296799183e-01
3.6631777883e-01 1.8701004982e-01 2.8825802803e+00 -2.6069765091e+00 -1.7410668731e-01
-5.9648084641e-01 -1.6531741619e-01 -1.3330936432e-01 -1.2157098204e-01 -2.4592831731e-01
-1.1764285713e-01 -7.1279458702e-02 1.8456159830e+00 1.0613834858e-01 3.3030226827e-02
1.9943328202e-01 -2.4591486156e-01 -1.3202106476e+01 8.5349502563e+00 4.4126638770e-01
4.8675495386e-01 2.0793290436e-01 -7.1474450827e-01 1.3056209683e-01 9.6610821784e-02
-4.4196224213e-01 -1.3998515904e-01 6.6193270683e+00 -5.2720322609e+00 -2.9906773567e-01
5.7394754887e-01 4.1170048714e-01 -1.4930173159e+00 1.1842083931e+00 -1.8025645614e-01
4.3203020096e-01 2.6896277070e-01 -1.6509442031e-01 -1.1154382229e+00 -2.6609625667e-02
-6.7397403717e-01 -3.1587213278e-01 1.0427188128e-01 2.7988025546e-01 1.0559190065e-01
6.5143078566e-01 2.6189804077e-01 2.2126483917e+00 -2.1383311749e+00 -2.0939104259e-02
2.4907809496e-01 -1.0253163427e-01 3.5301879883e+01 -7.9170770645e+00 2.3106694221e-01
6.8058645725e-01 3.1199222803e-01 -1.1214193106e+00 -4.2224752903e-01 -1.4814367890e-01
5.8958190680e-01 1.7760911956e-02 4.2433139682e-01 2.7930867672e-01 2.3684434593e-01
-5.6066668034e-01 1.7203386128e-01 6.5042249858e-02 6.7267340422e-01 -4.1170859337e-01
-3.2446292043e-01 1.9499631226e-01 -3.4976539612e+01 8.1991586685e+00 -4.9576631188e-01
2.2384853661e-01 8.9839622378e-02 -1.1363081932e+01 7.8727369308e+00 7.8623533249e-02
-3.3748021722e-01 -3.4683021903e-01 -1.2651163340e+00 1.0047348738e+00 4.1624823213e-01
7.9265481234e-01 3.2851710916e-01 -3.6213591695e-01 -2.1388219669e-02 2.1295830607e-01
6.4484137297e-01 6.1273168772e-02 -2.9285967350e-01 6.7824816704e-01 3.2007157803e-01
3.2800960541e-01 4.0137283504e-02 -7.0917081833e+00 6.0647158623e+00 -6.7928418517e-02
-1.5045635402e-01 -2.0219421014e-02 -3.6675065756e-01 2.1232252121e+00 -6.6114850342e-02
-5.5216860771e-01 -1.8198677897e-01 2.9733736515e+00 -3.5725045204e+00 -1.7110426724e-01
-2.6748334058e-03 3.4793961048e-01 2.1799762726e+01 -7.2623219490e+00 -4.1771805286e-01
-1.0166276246e-01 6.4014084637e-02 -3.5940864086e+00 2.8563969135e+00 -1.4469045401e-01
7.8723675013e-01 3.6327898502e-01 1.8796299398e-01 -1.5125642717e-01 8.1684157252e-02
-4.2206895351e-01 -2.2926381230e-01 -2.9596588612e+00 2.6001393795e+00 1.8408003449e-01
-4.2064809799e-01 -1.2097659707e-01 2.6176890731e-01 -5.5287927389e-01 3.0105950311e-02
2.6560455561e-01 1.0912846774e-01 -3.9848411083e-01 -1.4768897295e+00 -8.8553261012e-03
4.8984357715e-01 1.0234511644e-01 -1.9298274815e-01 -9.1633033752e-01 7.5315669179e-02
-2.7551516891e-01 -1.0836284608e-01 -4.7114840150e-01 -9.8925328255e-01 2.8941973578e-03
-2.8758770227e-01 -3.8007399440e-01 4.0066576004e+00 -4.4245223999e+00 3.5502997041e-01
6.4947217703e-01 4.4811317325e-01 4.4121891260e-01 -3.8004431129e-01 -1.9548925757e-01
-4.0666764975e-01 -2.8351062536e-01 3.2318985462e+00 -2.5926389694e+00 2.3811960220e-01
5.0081014633e-01 1.1174122244e-01 -1.8033739924e-01 -4.8281776905e-01 2.0050315559e-01
5.8537358046e-01 -9.0575948358e-02 -3.5611471534e-01 3.6394444108e-01 3.1582072377e-01
-4.3495261669e-01 -3.8576099277e-01 1.7989458144e-01 -6.8602609634e-01 2.4513496459e-01
2.0952631533e-01 -2.0208550990e-01 3.0484333038e+01 -7.0688195229e+00 4.0383258462e-01
6.1971294880e-01 6.1578199267e-02 9.6280908585e-01 -1.4620524645e+00 3.2727083564e-01
3.9093941450e-01 1.4576368034e-01 -2.0512642860e+00 2.2112038136e+00 -3.0351018906e-01
-6.0211557150e-01 3.8063440472e-02 -3.2261059284e+00 2.3413980007e+00 -3.1580531597e-01
5.0082921982e-01 1.8083864450e-01 -3.1819081306e+00 2.4346537590e+00 4.4115424156e-02
3.6400005221e-01 1.5104676783e-01 -1.1466981173e+00 -3.6298383027e-02 -1.8238153309e-02
4.8301428556e-01 1.3805860281e-01 -2.2910630703e+00 1.7225011587e+00 1.0313335061e-01
7.6959878206e-01 3.5739398003e-01 4.2662253976e-01 4.6927115321e-01 -2.7701359987e-01
-5.1803660393e-01 -1.8206916749e-01 1.8576025963e+00 -2.6397159100e+00 -1.6852234304e-01
7.7638477087e-01 1.8976518512e-01 1.5998573303e+00 -1.6236820221e+00 1.4832612872e-01
5.9876259416e-02 -1.3733775355e-02 -1.7518306732e+01 7.3698024750e+00 2.3635622114e-02
-2.7006483078e-01 -1.0900670290e-01 -1.9519670010e+00 -5.2161854506e-01 9.9794389680e-03
-2.0091779530e-01 -1.0204020143e-01 -1.2931996346e+01 5.1859626770e+00 -2.7199214324e-02
6.5184123814e-02 -4.1550267488e-03 -2.4222493172e+00 -2.7729427442e-02 4.3680593371e-02
-6.6681188345e-01 -4.1565084457e-01 1.2713745832e+00 -3.7263566256e-01 3.3431380987e-01
-6.3760839403e-02 -1.1160115898e-01 2.4719882011e+00 -2.5614082813e+00 1.4863340557e-01
-7.1238887310e-01 -3.4354984760e-01 -8.7569139898e-02 1.4088832140e+00 -2.2299977019e-02
-1.1114884913e-01 -7.0617035031e-02 9.4341474771e-01 1.9964685440e+00 3.7894297391e-02
-1.9623469561e-02 2.2187785804e-01 3.2278568268e+01 -8.3867788315e+00 -3.2293328643e-01
-3.1657770276e-01 -1.2675812840e-01 -2.3180758953e+00 2.5246584415e+00 3.7164941430e-02
3.6239144206e-01 1.4774836600e-01 -3.0961978436e-01 1.5071675777e+00 -2.6868751273e-02
4.8494049907e-01 2.0405076444e-01 -4.0238621831e-01 -1.5657855272e+00 7.5167432427e-02
2.9345491529e-01 1.1263385415e-01 2.4950875342e-01 2.1051031351e-01 5.2885413170e-03
-3.1582307816e-01 -1.2364221364e-01 -8.0638062954e-01 -1.5298954211e-02 5.8492431417e-03
-2.0276713371e-01 -1.5808297694e-01 -6.1753540039e+00 4.0484433174e+00 1.3180366158e-01
-3.9660716057e-01 -2.5587707758e-01 -2.6082488894e-01 -3.9398646355e-01 1.0882677138e-01
5.9179824591e-01 3.5165306926e-01 8.1819720566e-02 -4.3789714575e-01 -5.1069124602e-03
6.5335673094e-01 1.7155030370e-01 3.3944382668e+00 -2.6680438519e+00 4.5546986163e-02
8.1681233644e-01 1.1794419587e-01 4.8771288991e-01 -1.3548680544e+00 3.3618101478e-01
4.7615483403e-01 3.2827049494e-01 -2.2131207585e-01 -2.4457829073e-02 -4.4627573341e-02
6.9550853968e-01 -2.5199397933e-03 3.6403307319e-01 4.7596693039e-01 1.2746478617e-01
-5.2836406231e-01 -1.8522557616e-01 2.0894603729e+00 -2.4778552055e+00 -1.2516872585e-01
6.5583431721e-01 1.7330205441e-01 2.0087394118e-01 -4.7322443128e-01 -1.2908980250e-01
7.0481371880e-01 2.1593585610e-01 4.1621420532e-02 2.6797407866e-01 2.3286695778e-01
-2.3041486740e-01 -2.3839049041e-01 3.4831824303e+00 -3.4642307758e+00 2.5711679459e-01
-5.2445828915e-01 -3.4727394581e-01 -6.5983977318e+00 4.4342560768e+00 2.4294500053e-01
-1.0550034046e-01 -2.5629228354e-01 -2.6319787979e+01 6.8009796143e+00 2.1958264709e-01
-3.5303157568e-01 -1.0993020236e-01 -2.3724825680e-01 9.3114972115e-01 -3.7709400058e-02
-6.3652670383e-01 -2.1242751181e-01 -1.8867704868e+00 2.6517634392e+00 -2.0155233145e-01
-6.7008471489e-01 -3.8307476044e-01 -1.5329258442e+00 2.1937303543e+00 6.2138460577e-02
1.4181624353e-01 4.0844302624e-02 -6.9675555229e+00 6.0079355240e+00 -1.3306038082e-01
1.9902294874e-01 2.6647645235e-01 -2.5143396854e+00 1.9105679989e+00 -3.0383270979e-01
3.7687376142e-01 3.2434083521e-02 1.4619971514e+00 5.4568409920e-01 1.6128437221e-01
-7.4970602989e-01 -1.9157385826e-01 1.5188668966e+00 -1.5541447401e+00 -3.3714911342e-01
-1.3141480088e-01 -2.0408202708e-01 -3.0082313344e-02 2.3411135674e+00 2.1774286032e-01
-4.8874801397e-01 -1.9701147079e-01 4.3919253349e+00 -3.8702588081e+00 -1.8209961057e-01
5.6913077831e-01 3.3029684424e-01 -1.6983538866e-01 5.3815639019e-01 -2.1381364763e-01
4.2356970906e-01 6.5325856209e-02 -8.2659578323e-01 7.1460992098e-01 1.3618348539e-01
5.5453097820e-01 -8.6423076689e-02 -1.8750584126e+00 1.7618054152e+00 3.8418409228e-01
-4.3630537391e-01 -1.5950670838e-01 3.0741360784e-01 -1.3635551929e-01 -2.6350587141e-03
2.9693588614e-01 -1.3293267787e-01 -2.0021897554e-01 -8.7330132723e-01 3.4587675333e-01
-4.4588640332e-01 -7.0470005274e-02 -6.2184486389e+00 3.7055747509e+00 -2.9574313760e-01
-3.5208866000e-01 -3.2387912273e-01 -2.3382987082e-01 1.3969349861e+00 4.1401284933e-01
-1.4549098909e-01 -4.5719631016e-02 -3.7426271439e+00 4.0807547569e+00 -2.4818899110e-02
3.1332325935e-01 3.3943790942e-02 -1.9437409639e+00 -8.1012862921e-01 1.1376477033e-01
-7.5411885977e-01 -2.8904247284e-01 -5.3138792515e-01 -5.7053156197e-02 -1.1834037304e-01
-9.5763020217e-03 -1.4169667661e-01 1.3669134676e-01 3.8203614950e-01 4.1907715797e-01
7.7506411076e-01 4.4724476337e-01 2.9927065969e-01 -6.8923062086e-01 -1.5836977959e-01
-4.2397263646e-01 -3.5404232144e-01 -1.9913593531e+00 9.0736663342e-01 6.7327417433e-02
6.5914684534e-01 4.6826981008e-02 -3.3186815679e-02 -4.2661547661e-01 1.9593253732e-01
2.8476035595e-01 1.3414838910e-01 -2.9597988725e-01 -2.0709464550e+00 -2.4631263688e-02
-5.7923889160e-01 1.1717682332e-01 -8.6841064692e-01 -3.7466925383e-01 -2.5778618455e-01
-3.2674604654e-01 9.0435594320e-02 -1.5793594360e+01 5.4404850006e+00 -4.7954908013e-01
