-6.5557613969e-02
2.9617182910e-02
-8.7479189038e-02
2.6498892903e-01
4.0254698251e-04
1.4775197208e-01
4.2567584664e-02
-2.2783808410e-02
-4.1489578784e-02
-2.8233487159e-02
-9.2673659325e-02
-1.1341403425e-01
2.0956397057e-01
1.0566927493e-01
-1.5490585938e-02
-5.5059242994e-02
-7.6086089015e-02
3.8090333343e-02
4.1119806468e-02
-5.5151704699e-02
-7.6975733042e-02
-1.1907058209e-01
1.0785252601e-01
-1.1461200565e-01
3.8758638501e-01
1.2355018407e-02
1.3234621286e-01
5.0549361855e-02
6.8612173200e-02
3.5806447268e-02
-3.9569595456e-01
-1.3516105711e-01
3.3962860703e-02
1.2398920953e-01
7.7074393630e-02
-7.3433645070e-02
5.2807983011e-02
-3.1660944223e-02
-1.8275266886e-01
8.8748812675e-02
4.4988480210e-01
1.1221462861e-02
-5.2414095402e-01
1.1466194876e-02
-4.1439548135e-02
6.6516868770e-02
7.9148653895e-03
-5.3676288575e-02
-6.7634351552e-02
4.8117019236e-02
-4.2972177267e-02
-1.4214400947e-01
3.3222362399e-01
-8.5403673351e-02
-1.3165554404e-01
-7.4160262011e-03
-4.8029467463e-02
-1.1714348570e-02
-4.8039519787e-01
-1.3939745724e-01
8.8817179203e-02
2.8234979138e-02
1.6715456545e-01
-1.5456513502e-02
