2.0533970091e-03
2.7580112219e-03
1.4542137505e-03
-1.7260356108e-03
-1.3788894285e-04
2.5463509373e-03
-1.3239601685e-04
-2.9269070365e-04
3.2025438268e-03
-1.4050300233e-03
3.5151184420e-04
1.1529639596e-03
3.3447814640e-03
-9.0605538571e-04
-2.7879907284e-03
-6.2490691198e-04
-6.0701658949e-03
-2.5824931799e-04
2.8758295812e-03
-1.7104535073e-04
3.5351458937e-03
-1.1254484998e-03
-3.4523138311e-04
-1.1445467360e-02
-3.1097552273e-03
5.2283704281e-04
-5.4756703321e-04
2.9245818034e-02
1.1826671107e-04
-4.0478311712e-04
-2.2640144452e-03
1.6182889231e-03
-3.6576392595e-03
1.5882236185e-03
-2.0576242823e-03
2.9272390530e-03
5.3300685249e-04
-6.0074497014e-04
2.7357303770e-04
-6.4877881669e-03
-5.4518337129e-04
3.0927869957e-03
-1.4728434617e-03
-2.6721509639e-03
4.4120806706e-06
8.2212733105e-04
2.6195045211e-04
4.6130564809e-01
3.7970353151e-04
-3.2081490644e-05
3.8444604725e-02
2.7026268654e-03
1.0962132365e-03
1.3035573959e+00
3.4512908314e-04
-4.9600014463e-03
-1.0338675929e-03
1.7865041737e-03
1.6918191977e-04
5.4759465158e-02
-2.6480543893e-03
4.4335387065e-04
4.0185390390e-04
-7.8995135846e-04
