-1.9332312346e+00 -8.1474244595e-01 2.4294729531e-01 3.7088111043e-01 2.8861513734e-01
1.1507561803e-01 1.0415445566e+00 2.0202932879e-02 -1.2072757632e-01 -9.5727014542e-01
-3.5900837183e-01 3.7035384774e-01 8.4668464959e-02 2.9080232605e-02 -5.6810301542e-01
8.1731951237e-01 -6.9717895985e-01 -1.6615757346e-01 -3.9609324187e-02 1.1923230886e+00
1.3385875523e-01 1.0749522448e+00 -5.2642703056e-02 2.6632698253e-02 4.1626495123e-01
-4.6994602680e-01 4.1499882936e-01 8.3704486489e-02 1.5007490292e-02 -6.3326752186e-01
1.1952126026e+00 -9.7755956650e-01 -1.2912100181e-02 -4.2125312611e-03 1.7204101086e+00
-7.7178871632e-01 6.5457481146e-01 1.4795134962e-01 3.6650408059e-02 -1.1292593479e+00
6.1166316271e-01 -5.1773113012e-01 -1.2806391716e-01 -4.3112665415e-02 8.7723577023e-01
-8.7856531143e-01 7.5769644976e-01 1.8160034716e-01 4.3953776360e-02 -1.2842375040e+00
8.0203342438e-01 -6.6650760174e-01 -1.6245444119e-01 -4.6764235944e-02 1.1649355888e+00
-1.6917825937e+00 1.8899129629e+00 -1.1498527974e-01 -3.4146741033e-02 -1.1662986279e+00
4.9323607236e-02 2.1273491383e+00 -6.2726981938e-02 -5.5764228106e-01 -2.4792350829e-01
-4.6173830032e+00 -1.0954343081e+00 6.7626215518e-02 2.7834641933e-01 -1.5332752466e-01
-1.2714903355e+00 -3.5669988394e-01 9.8424553871e-02 1.2177473400e-03 5.4024553299e-01
-2.2616054863e-02 4.9968142062e-02 -1.3166832505e-03 2.4038342759e-02 -4.2650915682e-02
-3.1726792455e-01 -8.5397881269e-01 1.2985435128e-01 -3.6859728396e-02 -9.4736593962e-01
-1.8285045624e+00 5.4515933990e-01 -2.1927700937e-01 7.0847928524e-02 1.4324642420e+00
-9.9791896343e-01 8.3249181509e-01 2.0214299858e-01 5.8467496186e-02 -1.4516395330e+00
-7.9804569483e-01 6.5004706383e-01 2.0702910423e-01 4.0613472462e-02 -1.1616655588e+00
-8.1071639061e-01 7.8937321901e-01 1.3489696383e-01 1.1714441702e-02 -1.2148388624e+00
3.6141431332e-01 -3.6763572693e-01 -7.8127183020e-02 -2.1074939519e-02 4.9610999227e-01
4.2164462805e-01 -4.5058569312e-01 -4.9877878278e-02 -8.9259101078e-03 6.1539894342e-01
-4.7717821598e-01 1.1426307261e-01 9.3914285302e-02 2.2542359307e-02 -7.3796725273e-01
-1.1322131157e+00 8.5989695787e-01 2.5092789531e-01 9.2833273113e-02 -1.6111158133e+00
-6.9923633337e-01 5.3331804276e-01 1.5191464126e-01 1.4348168857e-02 -9.8142462969e-01
6.0729730129e-01 -9.2998421192e-01 -1.3049559295e-01 -4.7114628553e-01 1.3267512321e+00
-1.7891492844e+00 8.0514973402e-01 2.3271486163e-01 1.3541670144e-01 -2.0890469551e+00
5.5611693859e-01 1.4360074997e+00 -1.7157137394e-01 -2.6794468984e-02 -1.8080654144e+00
-1.0131963491e+00 -1.3016849756e+00 2.1634693444e-01 2.2892418504e-01 1.0382376909e+00
2.5722498894e+00 1.4888949394e+00 -2.5981783867e-01 7.9904466867e-02 -7.0263677835e-01
-1.2972308397e+00 1.6011777520e-01 6.1109270900e-03 -5.5807363242e-02 -6.1642098427e-01
4.0906763077e+00 -3.1254693866e-01 9.7127161920e-02 -1.0931671597e-02 -3.0595235825e+00
-3.4713512659e-01 -5.9480500221e-01 1.2605209649e-01 6.8075815216e-04 -8.8057976961e-01
1.9966076612e+00 -7.3925173283e-01 -1.7100322247e-01 -2.9969540238e-01 1.0454342365e+00
-6.4498776197e-01 -1.0321655273e+00 2.5384029746e-01 3.2077312469e-02 -1.8208444118e+00
3.5795235634e-01 7.3245543242e-01 -1.4363825321e-01 -2.5403562933e-02 1.0175272226e+00
-2.1416386962e-01 -6.0775738955e-01 1.9292896613e-02 -1.0056004673e-01 -1.2858325243e-01
-6.4645105600e-01 5.6410169601e-01 1.2488501519e-01 6.3038282096e-02 -9.3819463253e-01
1.6572265625e+00 -4.4417479634e-01 7.7752955258e-02 3.9576229453e-01 1.3424861431e+00
3.5964640975e-01 1.6507370770e-01 -1.1947134882e-01 -1.0740771890e-01 6.6391652822e-01
-6.4255118370e-01 5.5749642849e-01 1.2364500016e-01 2.6882389560e-02 -9.4985389709e-01
1.9853739738e+00 -1.1321247369e-01 3.5218846798e-01 2.2382112220e-03 8.6880832911e-01
2.4898484349e-01 -2.6757332683e-01 -7.1088507771e-02 -1.6820926964e-01 2.5701564550e-01
-4.4583170675e-03 4.9335128069e-01 2.2608217239e+01 -2.6573862076e+01 -4.4690471888e-01
-8.2396626472e-01 1.2915988266e-01 -1.9471981049e+01 2.8422470093e+01 -4.0624734759e-01
-3.7417790890e+00 -1.2137649059e+00 -6.7128911614e-02 2.3829020560e-01 1.1304550618e-01
-4.3872225285e-01 4.7312754393e-01 -5.1570925862e-02 -5.6128209829e-01 -7.4222284555e-01
-2.0456421375e+00 -5.8287525177e-01 -6.2320953608e-01 4.7021861076e+00 7.2327991948e-03
3.4804832935e+00 1.4463491440e+00 -1.6377164125e+00 8.0108356476e+00 -3.1887657940e-02
4.2348435521e-01 -3.8757699728e-01 -3.7958305329e-02 2.7256753296e-02 6.0459512472e-01
3.0116906762e-01 -6.3356059790e-01 -2.6867428795e-02 8.5937812924e-02 7.3251754045e-01
-4.1827461123e-01 -4.6825703979e-01 1.1611315608e-01 3.0229901895e-02 -9.3991285563e-01
1.0453654528e+00 -8.6543530226e-02 -4.5483714342e-01 -3.5842216015e+00 1.0061850548e+00
1.0011017323e-01 4.1413629055e-01 3.1316834502e-03 -1.1502975225e-01 -8.2540653646e-02
2.5605077744e+00 8.5202109814e-01 -1.0885879993e+00 1.8065669537e+00 -1.2840753794e-01
3.7337260246e+00 1.2760218382e+00 -2.7750644088e-01 -4.2455884814e-01 3.3063006401e-01
-7.0070850849e-01 8.6978596449e-01 1.0893059522e-01 -1.8752719462e-01 -1.9933987856e+00
-1.0497121811e+00 9.1821908951e-01 2.1052022278e-01 4.4908974320e-02 -1.5247508287e+00
-3.3036444187e+00 -4.6296688914e-01 1.7642277479e-01 1.8402521312e-01 -1.4280329943e+00
-2.5101690292e+00 -9.4034522772e-01 -2.0742332935e-01 -2.3386771977e-01 2.3633162677e-01
3.3384971619e+00 -1.1177771091e+00 2.7074230835e-02 -4.1671838611e-02 1.3908746243e+00
1.7594560981e-01 2.2039216757e-01 -2.3778397590e-02 -2.1230693161e-01 -7.8119242191e-01
-4.4811181724e-03 2.4598327000e-03 -6.1044408940e-03 3.1692765187e-03 -2.5698649697e-03
