-4.0763467550e-01
3.1138393283e-01
-7.8822851181e-02
3.3593514562e-01
3.6353850365e-01
-1.0047026724e-01
4.7808966041e-01
-2.9483959079e-01
1.9436673820e-01
-3.7875142694e-01
2.9187303782e-01
-2.0306165218e+00
-6.5796113014e-01
-1.3217737675e+00
3.2281133533e-01
1.0543747339e-03
-8.4395188093e-01
-5.3550130129e-01
-4.0725022554e-01
-2.7161461115e-01
-4.7119787335e-01
1.2211026996e-01
1.5810175240e-01
-3.5986992717e-01
-3.7935987115e-01
-2.8173786402e-01
3.3574709296e-01
-1.5081565082e-01
2.8278350830e-01
2.2107450292e-02
4.6850538254e-01
-8.7071172893e-02
-6.4309436083e-01
-7.7816808224e-01
1.4233230352e+00
-2.1013729572e+00
1.1794655323e+00
-6.3780516386e-01
-2.4007910490e-01
2.8906485438e-01
5.2272301912e-01
-2.2332654893e-01
4.3468111753e-01
1.1356223375e-02
-3.9030231535e-02
3.0584257841e-01
-8.4672027826e-01
-1.7699187621e-02
-4.2590540648e-01
2.5734961033e-01
6.9920532405e-02
1.5962150693e-01
-1.0187035799e+00
-6.6146075726e-02
2.7606016397e-01
4.6811217070e-01
3.3079931140e-01
5.5387854576e-01
-5.1789224148e-01
8.0633476377e-02
-2.8992125392e-01
2.7592034340e+00
-7.5497990847e-01
8.3298870595e-04
