5.6644088030e-01
4.7597685456e-01
2.2531224787e-01
8.8766437769e-01
-7.8240251541e-01
4.0649899840e-01
7.1627712250e-01
6.7991000414e-01
-5.6854146719e-01
-6.8552273512e-01
-7.6084905863e-01
5.6503838301e-01
9.8536527157e-01
-8.1098705530e-01
8.2337635756e-01
3.6515507847e-02
7.5959825516e-01
-4.2804536223e-01
5.9996801615e-01
-6.6569966078e-01
3.5615140200e-01
-5.7916897535e-01
1.2395256758e+00
4.7290080786e-01
-3.3704084158e-01
-7.0733964443e-01
2.4799242020e+00
6.8235915899e-01
5.0802010298e-01
-7.5051605701e-01
7.9030370712e-01
-8.3752381802e-01
