2.4175515398e-02
4.7895261645e-01
3.7186831236e-01
2.8777194023e-01
-2.3602983356e-01
4.3808105588e-01
-1.5278819203e-01
-4.0736940503e-01
5.0350041389e+00
7.4360311031e-02
4.0425327420e-01
7.1960729361e-01
-4.1876628995e-01
6.4956152439e-01
-3.8650542498e-02
-3.1452837586e-01
6.4814758301e-01
2.0850247145e-01
6.6484814882e-01
-3.0102777481e-01
3.6499661207e-01
-6.1690866947e-01
-7.5872945786e-01
-2.8526487947e-01
-1.6574051231e-02
-4.9539268017e-01
-7.7774947882e-01
1.3078761101e+00
5.2211672068e-01
3.7375897169e-01
3.4788656235e+00
-5.6084102392e-01
