7.1910113096e-02 -1.2255264446e-02 5.3925225511e-03 -2.1619996056e-02 5.1859095693e-02 5.5372588336e-02 4.3049138039e-02 -1.0248871148e-01 -5.4517388344e-01 -7.3472701479e-04 4.1404757649e-02 5.7504908182e-03 -6.7368134856e-02 -4.0230922401e-02 -1.7226852477e-02 -4.6552650630e-02 1.1685249209e-01 -1.0650053620e-02 6.4354285598e-02 2.2128379345e-01 1.5673130751e-01 2.5433644652e-02 1.2996034324e-01 -4.7498859465e-02 5.4120877758e-03 2.0799350750e-04 5.6076373905e-02 2.0882473886e-01 -8.2767553627e-02 9.6082137898e-03 -2.3304097354e-01 -3.1710844487e-02
3.4572517872e-01 2.5773090124e-01 4.5819789171e-01 2.9395216703e-01 3.9870799519e-03 -1.5645952225e+00 -2.1145585924e-02 -4.4390547276e-01 -8.7997746468e-01 -2.5560668111e-01 -4.0825385600e-02 -9.9373996258e-01 5.6017321348e-01 4.5115476847e-01 -1.5006774664e-01 1.2490288019e+00 -6.0143899918e-01 -1.5141566992e+00 5.5639690161e-01 8.7440258265e-01 -1.8330825567e+00 9.2178213596e-01 -3.4205585718e-01 1.4101994038e+00 -2.3290750384e-01 7.8555256128e-01 1.9723614454e+00 -2.9808903113e-02 -2.2289490700e-01 -7.8798329830e-01 6.3683664799e-01 7.9078897834e-02
6.8658508360e-02 1.9170699641e-02 -1.0372224497e-03 -4.7754012048e-03 4.1004952043e-02 -1.4525487088e-02 -2.7683667839e-02 -6.3973411918e-02 -3.8702443242e-01 6.3544493169e-03 1.2127686292e-02 -1.2152718846e-03 1.2884908915e-01 -9.7399391234e-03 -1.2834572233e-02 3.0067546293e-02 -1.9921764731e-02 6.2265168875e-02 4.9583014101e-02 -8.7110839784e-02 -9.2029951513e-02 6.0723293573e-02 -2.5701209903e-01 5.4979170673e-03 3.4422869794e-03 5.7114586234e-02 -7.0766821504e-02 -2.0944869518e-01 -3.6887614988e-03 -1.1909288354e-02 2.2761192918e-01 -2.0244378597e-02
-9.3957572244e-04 -5.5849673226e-03 2.9093602672e-02 -1.3585875276e-03 -8.3555556834e-02 1.1178823188e-02 4.5644726604e-02 8.8592004031e-03 -6.0562443733e-01 -2.5641856715e-02 2.3405171931e-02 -5.4113194346e-03 -5.2553232759e-02 -2.4139823392e-02 -3.3640991896e-02 -5.4965349846e-03 -1.5744355321e-01 -9.8195988685e-03 -9.1477215290e-02 1.7807062715e-02 7.6373547316e-02 -1.4218017459e-01 1.2321729958e-01 -3.6616999656e-02 -7.2745922953e-03 8.0711983144e-02 -5.8031156659e-02 3.8502965122e-02 -5.7902351022e-02 4.7520775348e-02 -2.3297129571e-01 3.2042570412e-02
-3.2846674323e-02 1.2043327093e-01 3.1387589872e-02 -2.9927557334e-03 8.4241777658e-03 8.5878342390e-02 -1.1884507723e-02 5.3824387491e-02 6.8946897984e-01 -2.6783403009e-02 -4.2397841811e-02 -3.2280441374e-02 -5.5784385651e-02 3.9466407150e-02 -2.5167036802e-02 3.7746958435e-02 5.0443065166e-01 -3.5556089133e-02 -2.7970774099e-03 8.5228815675e-02 1.4636293054e-01 1.4666767418e-01 1.4311647415e-01 1.6912508011e-01 -1.1425644159e-02 -1.2352956086e-01 3.1209257245e-01 2.2434271872e-01 7.1304552257e-02 -1.0038147867e-01 -9.8644576967e-02 7.9781666398e-02
-3.9940580726e-01 3.5249953270e+00 2.8320271969e+00 1.7148231268e+00 -3.2450616360e+00 2.5932617188e+00 -1.2148890495e+00 -6.4984625578e-01 -8.9180535078e-01 1.9138957262e+00 -2.2394843102e+00 6.0824298859e+00 -9.4544476271e-01 7.8312516212e-02 -6.0852342844e-01 -2.7893719673e+00 4.3060674667e+00 2.9723479748e+00 1.2838840485e+00 -2.1052372456e+00 2.2963464260e+00 -9.7753524780e+00 -2.0088982582e+00 -1.1481717825e+00 -5.1801878959e-02 -9.7316904068e+00 -1.0370692253e+01 7.4620711803e-01 5.8964223862e+00 3.3208918571e+00 9.2514846474e-03 -9.7093868256e+00
1.4032938518e-02 -2.4662643671e-02 2.3307711817e-03 1.3535383157e-02 -1.1166265607e-01 -1.3987422921e-02 1.8970083445e-02 2.8808126226e-02 -7.5394952297e-01 -3.8475550245e-03 -1.9092130242e-03 -9.0827718377e-03 9.6626311541e-02 1.2665296672e-03 -2.3302095011e-02 6.6065959632e-02 -2.1709747612e-02 1.4778892696e-01 -9.1224908829e-02 7.1810036898e-02 -1.1404132098e-01 -6.0839455575e-02 -1.3945975900e-01 2.2825891152e-02 -7.9851574264e-04 1.4085269533e-02 -2.3105273023e-02 9.9037855864e-02 1.0518465191e-02 5.1498748362e-02 -3.2332196832e-02 -3.0719158240e-03
-8.8697791100e-02 -7.0382347330e-03 -1.3147544116e-02 -1.1758171953e-02 6.9890312850e-02 3.1363159418e-02 1.4894118905e-01 3.3950407058e-02 -2.5245764852e-01 1.4211459085e-02 7.8388072550e-02 -7.1680145338e-03 -1.7696633935e-01 -7.6547659934e-02 2.4073595181e-02 -1.3222964108e-01 -6.8656645715e-02 7.3258057237e-02 6.7702248693e-02 3.2816278934e-01 6.1054121703e-02 9.6545137465e-02 2.6944574714e-01 3.6659496836e-03 3.2434288878e-03 -2.7470934391e-01 -2.2441579029e-02 3.3671340346e-01 2.2513732314e-02 4.3946672231e-02 -6.2639385462e-01 5.9607449919e-02
-4.0328901261e-02 1.6605845885e-03 6.0590133071e-03 9.7912014462e-04 -6.5082117915e-02 -1.5262953006e-02 2.6764165610e-02 3.4592449665e-02 8.6568671465e-01 -6.8435543217e-03 1.2792973779e-02 2.5297647808e-03 -6.0304213315e-02 -1.3752154075e-02 9.3453321606e-03 -5.6041660719e-03 -1.6170762479e-01 -6.6794887185e-02 -6.0557678342e-02 -4.7467727214e-02 9.7637578845e-02 -2.5590930134e-02 1.1659352481e-01 -3.1088493764e-02 -5.1780249923e-03 4.0594566613e-02 -8.7774313986e-02 -1.1292921379e-02 -6.1441776343e-03 9.0428711846e-03 -2.1933317184e-01 5.3039672785e-03
-4.5628596097e-02 -7.0287451148e-02 1.7794165760e-02 1.6660491005e-02 -2.3498231173e-01 3.3123344183e-02 4.0781509131e-02 1.4172482491e-01 8.4168738127e-01 -1.7320998013e-02 3.9756055921e-02 4.8064403236e-03 5.3765445948e-02 -3.9165329188e-02 -2.3347023875e-02 2.1641167998e-01 2.7520799637e-01 -2.3148706555e-01 -1.6745160520e-01 -1.5526176430e-02 1.9006125629e-01 9.8902806640e-03 4.5424632728e-02 -3.1403850764e-02 -8.7860049680e-03 -1.7896866798e-01 2.8429678082e-01 2.2432348132e-01 -1.3283487642e-03 1.0405101627e-01 -2.8836682439e-01 -1.8776353449e-02
9.7997874022e-02 -1.0270878673e-01 3.6655019969e-02 5.4450880736e-02 -1.0823048651e-02 -2.3410886526e-01 -1.6656173766e-01 2.8789706528e-02 1.1116472483e+00 -5.0632115453e-02 -2.2046769038e-02 8.3538964391e-03 -4.5626450330e-02 2.0680528134e-02 8.2577086985e-02 -1.2436095625e-01 -5.9463137388e-01 1.2496782839e-01 3.2986499369e-02 -4.2883890867e-01 5.0670858473e-02 -1.2166982889e-01 -2.7171063703e-03 1.1904539913e-01 -2.8271878138e-02 9.9414087832e-02 -1.2697425485e-01 9.0787813067e-02 9.2289345339e-03 -1.5770696104e-01 -3.3357733488e-01 -9.0949758887e-02
4.8836294562e-02 -4.6594951302e-02 6.2331589870e-03 8.7334718555e-03 -2.9873935506e-02 6.7402020097e-02 3.8116380572e-02 -5.2163172513e-03 -9.0188837051e-01 -4.7285431065e-03 2.1526703611e-02 -4.3338104151e-03 1.0883663595e-01 -2.0155292004e-02 -2.5598555803e-02 3.2199822366e-02 -2.1681331098e-01 2.2031696141e-01 1.4059741050e-02 2.3160146177e-01 4.7308202833e-02 -1.1622630805e-01 -2.1792863309e-01 1.4917531610e-01 1.8705537543e-02 1.1483802460e-02 -8.9867763221e-02 1.3552026451e-01 1.6364704818e-02 2.8504965827e-02 1.8711531162e-01 -1.6270184889e-02
5.8026354760e-02 3.4856893122e-02 6.4054287970e-02 -2.7881486341e-02 3.1311139464e-02 2.8818987310e-02 -7.0652790368e-02 -1.5952048823e-02 -1.0184102058e+00 -4.7464758158e-02 2.7507217601e-02 6.4768153243e-03 -2.4504693225e-02 -2.5870120153e-02 -5.4571524262e-02 -2.4659807980e-01 -2.0095449686e-01 -6.7526750267e-02 2.2237556055e-02 -2.3353007436e-01 2.1356092766e-03 -9.3931145966e-02 1.0890259594e-01 5.9494521469e-02 2.0216563717e-02 2.3690740764e-01 -8.6089067161e-02 -1.8220482767e-01 -2.0814022049e-02 -1.4163853228e-01 2.3731981218e-01 8.7586790323e-03
5.7433955371e-02 -1.4733797871e-02 4.1661253199e-03 2.4655754678e-03 -5.9182211757e-02 2.5577822700e-02 -1.1020199396e-02 -2.2178728133e-02 6.8869680166e-01 -1.2815732043e-04 3.8447804749e-02 1.3353405520e-03 4.3156079948e-02 -3.5524435341e-02 -3.3066704869e-02 1.3236282766e-01 -3.9669271559e-02 1.4319165051e-01 -3.9024010301e-02 2.1244078875e-01 4.1681848466e-02 -9.1704223305e-03 -1.0543959588e-01 3.5402402282e-03 5.0265141763e-03 -5.8767661452e-02 -7.9694852233e-02 2.1248727571e-03 -7.5171381235e-02 3.1562797725e-02 9.9036768079e-02 -7.5076529756e-03
-4.2537502944e-02 -6.9381050766e-02 4.6761944890e-02 2.8926791623e-02 1.2818621099e-01 -7.4164941907e-02 -7.4154004455e-02 -3.5443969071e-02 -1.2002066374e+00 -5.4787501693e-02 2.9191758484e-02 7.5728837401e-03 -4.5020770282e-02 -3.1904507428e-02 7.8244142234e-02 4.3826065958e-02 -2.1886853874e-01 1.1901991069e-01 1.0576572269e-01 -2.3647864163e-01 -3.5171151161e-02 6.7946664989e-02 1.2500678189e-02 3.0112264678e-02 -1.0014951229e-01 -2.3304596543e-02 -7.0490159094e-02 1.4347936213e-01 1.0293740779e-02 -5.0581421703e-02 2.4924385548e-01 -7.1253545582e-02
4.2252019048e-01 -3.4005796909e+00 -3.0849266052e+00 -6.3841468096e-01 3.3203504086e+00 -2.6446905136e+00 1.2043989897e+00 7.0026600361e-01 -1.0156983137e+00 -1.9986537695e+00 9.8982191086e-01 -6.2445316315e+00 1.0160694122e+00 1.0077414513e+00 6.1939191818e-01 2.8005955219e+00 -4.2069978714e+00 -3.0223419666e+00 -1.0095812082e+00 2.0899448395e+00 -2.2831623554e+00 1.0012454987e+01 -3.8524851203e-02 1.1363064051e+00 4.9938514829e-02 9.9243497849e+00 1.0464203835e+01 -4.2738524079e-01 -5.9668684006e+00 -3.3122727871e+00 3.3341175318e-01 9.8429679871e+00
-6.0137610883e-02 4.0558889508e-02 -7.2592450306e-04 -7.8489650041e-03 4.5592792332e-02 -9.1312145814e-03 -9.1591380537e-02 -1.4058521483e-03 -2.3154778779e-01 1.2928810902e-03 -3.9784695953e-02 2.9625764582e-03 -8.4079094231e-02 3.7969898432e-02 3.9941266179e-02 2.2796270251e-01 -1.2789611518e-01 1.1186648160e-01 2.9705433175e-02 -1.0662283748e-01 -2.6804378256e-02 -7.3422260582e-02 1.2546807528e-01 -1.2421635911e-02 -7.7557837358e-04 1.5960671008e-01 -1.2077544630e-01 -1.3950777240e-02 -3.6016501486e-02 -1.0646639392e-02 -4.4943159819e-01 -1.1649300344e-02
-5.3385276347e-02 1.9779829308e-03 1.4301872812e-02 -8.3840801381e-04 -2.4911230430e-02 -9.7252000123e-03 1.0356327519e-02 3.2983977348e-02 7.2257846594e-01 -1.1432209052e-02 7.1289874613e-02 5.2523734048e-03 -1.8595811725e-01 -6.9445073605e-02 3.0070535839e-02 -5.5402826518e-02 -2.7036088705e-01 -4.4337857515e-02 -2.7992740273e-02 1.4706746675e-02 8.0213747919e-02 -1.0365051217e-02 3.1280553341e-01 -6.2194902450e-02 -1.4468737878e-02 2.8101978824e-02 -1.8988953531e-01 8.6151346564e-02 -2.6453644037e-02 -1.5804741997e-03 -2.3445227742e-01 1.3085447252e-02
1.8094250932e-02 -1.7038773512e-03 -2.5267841294e-02 -4.6766591258e-03 2.5716487318e-02 -3.4958790988e-02 7.4313268997e-03 -2.2021226585e-02 -5.9736049175e-01 2.2734310478e-02 -4.1087031364e-02 -2.3243171163e-03 2.6361808181e-02 3.8199532777e-02 -6.9916290231e-03 -7.4177007191e-03 2.0292346179e-01 -1.0375361890e-01 3.0637810007e-02 -1.0606817901e-01 2.0116543397e-02 1.0690027475e-01 2.3567720782e-03 -7.7894274145e-03 4.8285847879e-04 -6.2532715499e-02 1.1770974845e-01 8.7858982384e-02 6.5885856748e-03 -6.1942231841e-03 -1.1548856646e-01 -1.4695070684e-02
1.2347417884e-02 -1.6040669754e-02 8.0225681886e-03 -5.8901710436e-03 2.9316840228e-03 5.6155160069e-02 2.9350573197e-02 -1.9905291498e-02 4.6385806799e-01 -6.2630325556e-03 2.1705275401e-02 4.7746482305e-03 -1.0713776201e-01 -2.1816862747e-02 -1.4497342054e-03 -1.0419433564e-01 -1.0440453142e-01 2.2706309333e-02 1.3234626502e-02 2.4781528115e-01 1.1302186549e-01 -7.1185980923e-03 1.1712608486e-01 7.3911080835e-04 7.1279047988e-03 -3.9666961879e-02 -7.7873155475e-02 -5.6190453470e-02 -2.4656590074e-02 -1.9587585703e-02 2.7094826102e-01 3.7055793218e-03
2.0772661082e-04 7.3246280663e-03 -1.9423406571e-02 -7.5367672252e-05 1.9945223629e-01 1.0533671826e-02 -7.8128516674e-02 -5.6908875704e-03 -3.7142279744e-01 2.0097842440e-02 1.4580440708e-02 -5.5423508456e-05 -3.6106087267e-02 -1.5204005875e-02 2.3949876428e-02 -1.2970080972e-01 1.6927412152e-01 7.3125340044e-02 1.5063098073e-01 3.6394065619e-01 6.3240505755e-02 -4.6807561070e-02 -2.0463576540e-02 1.5179179609e-01 1.8617326394e-02 -5.4268449545e-02 1.3396833837e-01 2.5700667500e-01 3.6462940276e-02 2.4742858484e-02 -2.6660835743e-01 3.6895385711e-04
-1.4267995954e-01 9.5654670149e-03 9.4302207232e-02 -7.3680460453e-02 1.5039986372e-01 -8.4868133068e-02 3.5991396755e-02 -6.7855133675e-03 8.6425435543e-01 -9.1524600983e-02 1.9336549938e-01 2.0089347381e-03 -8.4907323122e-02 -1.9410376251e-01 -3.1408485025e-02 3.3744371030e-03 -1.1906321347e-01 -1.1454044282e-01 1.0501663387e-01 -2.1710047126e-01 1.7823265865e-02 3.7394288927e-02 2.4689492583e-01 -1.5015204251e-01 -6.2136098742e-02 -5.2142371424e-03 -9.9097736180e-02 -7.0090062916e-02 -6.5398924053e-02 8.5771754384e-02 -1.8266390264e-01 6.1951525509e-02
4.2933136225e-01 -6.2849730253e-02 5.6935989857e-01 2.1037325263e-01 6.7894691229e-01 -5.2917790599e-03 2.3934407532e-01 -2.1826410294e-01 -2.4123339653e+00 -5.0441247225e-01 -2.2342807055e-01 7.4722439051e-02 8.4015023708e-01 2.3428493738e-01 2.7715489268e-01 -2.7819699049e-01 -2.4814795703e-02 3.4256482124e-01 7.8920757771e-01 1.5458960831e-01 1.9718229771e-01 3.3559253812e-01 -3.6717361212e-01 -2.1265961230e-02 3.2891884446e-02 -4.2761776596e-02 3.0908292532e-01 4.2469838262e-01 -1.5416024625e-01 -2.1097186953e-02 3.5513293743e+00 -2.0901182294e-01
1.7511023208e-02 1.4212206937e-02 4.2230999097e-03 -6.0097374953e-03 6.8362116814e-02 -8.2680294290e-03 2.1742446348e-02 -3.5151965916e-02 -4.8778009415e-01 1.1574489763e-03 7.6494626701e-03 -4.2674168944e-03 4.7368663363e-03 -2.6838837657e-03 6.9780238846e-05 -1.1286983639e-01 4.8686426133e-02 2.3829655722e-02 4.9308203161e-02 3.8013260812e-02 -6.6873796284e-02 2.9601225629e-02 -4.0536902845e-02 -1.5067904256e-02 -6.2012784183e-03 -8.1811454147e-03 1.4780514874e-02 -4.8552535474e-02 1.3671563938e-02 -2.0119750872e-02 9.5595335588e-03 1.0955641977e-02
1.4487452805e-02 2.4674678221e-02 -4.2663998902e-03 -2.3666303605e-03 -6.7268013954e-02 -6.3857123256e-02 -5.7757891715e-02 -4.4347420335e-02 2.9387009144e-01 -6.4070499502e-04 5.0705028698e-03 3.7332824431e-03 2.3290109821e-03 -7.0832101628e-03 4.0895617567e-03 1.8445000751e-03 1.6628564894e-01 -2.0860416815e-02 -8.5690557957e-02 -7.7510520816e-02 2.1755039692e-02 3.4567695111e-02 3.0259964988e-02 2.3645525798e-02 -4.2148651555e-03 9.7457259893e-02 3.7025943398e-02 -1.6789558530e-01 -9.3287788332e-03 -3.9137110114e-02 1.9605742395e-01 -1.9905902445e-02
4.6669665724e-02 -5.0777938217e-02 3.4196686000e-02 1.5386343002e-02 -1.4947393537e-01 -1.7176818848e-01 -2.6961978525e-02 -7.7679857612e-02 2.8695768118e-01 -3.4526571631e-02 1.6293384135e-01 -1.6573112458e-02 1.3148541749e-01 -1.5309242904e-01 9.4050159678e-03 -7.9957917333e-03 2.1833543479e-01 3.0847260356e-01 -1.7198911309e-01 1.3201248646e-01 -1.8667367101e-01 1.1539705098e-02 -2.5238645077e-01 4.5829597861e-02 -3.1385705806e-03 -7.6574675739e-02 2.3545237258e-02 -3.1280121207e-01 4.4520469964e-04 -4.9654975533e-02 6.5558671951e-01 8.3139035851e-03
7.3080772161e-01 4.9833383560e+00 7.9446738958e-01 1.6992236376e+00 -2.2362008095e+00 -7.8158205748e-01 -9.7971093655e-01 -9.7195024490e+00 1.8570840836e+01 -1.7926431894e+00 2.8267545700e+00 2.3870682716e+00 7.5713521242e-01 -4.0838289261e+00 1.5698982775e-01 -3.2487243414e-01 2.8846657276e+00 -1.6725223064e+00 3.3406692743e-01 1.5450818837e-01 -1.7893654108e-01 -4.1911554337e+00 6.2183141708e+00 -1.5675549209e-01 7.4957914650e-02 -2.2823369503e+00 -3.1433899403e+00 7.6947402954e+00 2.3146901131e+00 -1.3965996504e+00 2.2081422806e+00 -2.3528056145e+00
4.0583971888e-02 -1.6015715897e-01 7.0395529270e-02 -1.8720444292e-02 -1.1530999839e-01 7.4481768534e-03 6.3223689795e-02 -6.5697655082e-03 -8.1131678820e-01 -7.9619258642e-02 1.8173231184e-01 8.2577662542e-03 6.2615081668e-02 -1.7684845626e-01 1.3569048606e-02 -6.0859490186e-02 2.0156688988e-01 9.7811901942e-03 4.9580331892e-02 8.3496101201e-02 1.7739413679e-01 2.1324618161e-01 -4.5297883451e-02 1.4345997572e-01 6.2038671225e-02 -2.5138047338e-01 1.6112160683e-01 -5.1476884633e-02 8.2689933479e-02 -5.7188354433e-02 1.2405668944e-01 -6.1938907951e-02
-4.0114650130e-01 -1.4192408323e-01 -5.6413239241e-01 5.2570199966e-01 5.7492226362e-01 1.3536529541e+00 7.1329884231e-03 4.3314385414e-01 -2.3001058102e+00 3.1445086002e-01 -4.2337883264e-02 9.8729920387e-01 -4.7537648678e-01 -3.8573119044e-01 2.1176774800e-01 -1.3820844889e+00 8.5371959209e-01 1.4916956425e+00 1.8047462404e-01 -1.0586588383e+00 1.8159956932e+00 -5.1078772545e-01 -1.4946225882e+00 -1.4351893663e+00 2.3809331656e-01 -5.6756436825e-01 -1.9254908562e+00 -1.0113382339e-01 1.6771252453e-01 7.7317333221e-01 6.3917392492e-01 -1.0344184935e-01
-2.5559542701e-02 -1.5307683498e-02 -1.2318890542e-02 8.2108741626e-03 -7.9771488905e-02 -1.3011770323e-02 1.9707497209e-02 4.9538880587e-02 9.3218952417e-01 6.9576227106e-03 -3.8214642555e-02 -1.5678818454e-04 -1.5196906403e-02 3.6539759487e-02 -1.1577909812e-02 -1.3488866389e-01 3.4474012256e-01 -1.6233876348e-01 -1.0438792408e-01 9.5891065896e-02 1.2502803467e-02 1.2092213146e-02 9.4499766827e-02 -1.3419478200e-02 -9.5981182531e-03 -1.0388883203e-01 2.5948923826e-01 1.5602727234e-01 2.5977037847e-02 2.7100533247e-02 -2.9194918275e-01 1.2950439006e-02
-2.9004834592e-02 -6.4011160284e-03 8.0867484212e-03 9.5141939819e-03 2.2217924707e-03 2.1356139332e-03 2.9201233760e-02 5.1406554878e-02 -8.1806409359e-01 -8.1694712862e-03 -8.6876598652e-04 1.3392962283e-03 -2.0695921034e-02 2.5821541203e-04 1.3727190904e-02 -9.7144968808e-02 -1.6349673271e-01 -1.7847318947e-01 -6.0197981074e-03 -5.8427002281e-02 1.3799999654e-01 1.6385661438e-02 2.4184437469e-02 -1.7695412040e-02 -4.8510227352e-03 -5.2167613059e-02 -2.7302958071e-02 -6.7547433078e-02 3.5364527255e-02 5.3080823272e-03 9.9294140935e-02 4.9959453754e-03
4.3635657057e-03 -5.5851809680e-02 -2.3752429988e-03 -7.9063186422e-03 -9.8148077726e-02 6.7103870213e-02 1.4448344707e-01 1.2916609645e-02 7.1321552992e-01 4.3570110574e-03 2.4187210947e-02 1.7341820057e-03 3.7616677582e-03 -1.9939828664e-02 -2.7634834871e-02 -1.1508906260e-02 2.0477452874e-01 1.6184148192e-01 -1.6566060483e-02 2.6390403509e-01 -7.2101637721e-02 7.5192935765e-02 1.0498519987e-02 6.5800219774e-02 1.3074478135e-02 -1.2624919415e-01 1.3549187779e-01 2.0971193910e-01 4.4672444463e-02 5.1604978740e-02 -4.9040883780e-02 -3.6448005587e-02
