-1.9594496116e-02 5.6774336845e-02 -3.6333894823e-03 -4.2458683252e-02 -7.6454021037e-02 3.4418717027e-02 -2.3158913478e-02 6.0153443366e-02 1.0532891378e-02 -4.0648240596e-02 4.4881936163e-02 1.5305982903e-02 -2.9485833645e-01 3.0031709000e-02 2.2067637742e-01 1.6287203878e-02 1.1348363943e-02 1.8650468439e-02 -2.0474663004e-02 2.7079645544e-02 1.7932761461e-02 -1.3400213420e-01 -1.8538014963e-02 -6.0460153036e-03 2.4898753036e-03 6.2727734447e-02 -1.8967781216e-03 -1.2084046006e-01 4.5346286148e-02 4.5452238992e-03 -3.0002333224e-02 8.2407016307e-03
-9.1546393931e-02 -6.0469192266e-01 -2.6334704831e-02 -1.7010754347e-01 2.5089222193e-01 -9.5603036880e-01 -1.2425097823e-01 -1.2391066551e-01 9.7771659493e-02 1.6592743993e-01 4.5112591982e-01 -1.6338883340e-01 -3.9892411232e-01 1.2255258858e-01 -5.4847854376e-01 -9.4268602133e-01 -1.0406598449e-01 6.1444967985e-02 -6.8895757198e-02 7.6739989221e-02 -5.4599136114e-02 2.1511073411e-01 -1.3396667242e+00 -5.4092016071e-02 3.3699143678e-02 1.6477562487e-01 2.3857021332e+00 -2.3193235695e-01 -5.8584368229e-01 2.3196314275e-01 -1.4839689434e-01 1.4080925286e-01
1.1219526641e-02 9.7761444747e-02 -1.8627281534e-03 1.7059840262e-02 -1.1248538271e-02 3.9434078336e-01 4.2950487696e-03 3.8423620164e-02 2.7678480837e-03 -2.9961443506e-03 -9.5676131546e-02 5.0247004256e-03 -2.0849000663e-02 -3.9898795076e-03 5.5575892329e-03 3.6304286122e-01 1.3752412982e-02 2.3127836175e-03 -5.3018971812e-04 -3.2526084688e-03 1.5252154320e-02 3.9162114263e-02 2.3199656978e-02 3.8512148894e-03 -6.9203199819e-03 -2.3378932849e-02 -6.6559362411e-01 -6.1789569445e-03 1.6485203803e-01 7.4829184450e-04 -7.1229157038e-04 1.9309505587e-03
-7.3061242700e-02 -3.9644423127e-01 1.6995802522e-02 3.8580603898e-02 -2.6988360286e-01 -2.0541405678e+00 5.1972232759e-03 -1.1984209716e-01 3.8711357862e-02 -7.3593899608e-02 4.6087029576e-01 -1.9547147676e-02 1.6336372495e-01 2.5478852913e-03 -3.1923568249e-01 -2.0879406929e+00 1.0881896317e-01 9.8745981231e-03 -2.9478734359e-02 -3.1022077426e-02 -5.0089787692e-02 1.7897250131e-02 -1.0441621542e+00 -9.8522845656e-03 5.2862237208e-03 -6.1821453273e-02 1.6036775112e+00 -2.2101131082e-01 -3.4491109848e-01 -1.3141186535e-01 -1.3958706520e-02 -1.0399416834e-01
4.8272118568e+00 -8.3765946329e-02 7.5766062737e-01 -6.0779416561e-01 -4.2452802658e+00 1.6090619564e+00 -3.2902910709e+00 1.7212375998e-01 2.7112552524e-01 -1.3596856594e+00 3.3389060497e+00 8.4798887372e-02 -1.8480042219e+00 4.1501474380e+00 -2.5489256382e+00 -1.5301154852e+00 6.6614389420e-02 1.2550418377e+00 -4.6611952782e-01 2.6177334785e+00 -2.2177679539e+00 1.8706923723e+00 -5.8109741658e-02 -1.0079152584e+00 4.1736125946e-01 -1.0487054586e+00 -1.2023832798e+00 2.3989634216e-01 -6.4394944906e-01 -1.1049497128e+00 -1.8622412682e+00 2.9658632278e+00
4.2642340995e-03 3.7670075893e-02 -5.0782412291e-03 -3.3655506559e-03 -2.2555241361e-02 -4.5688647777e-02 3.2728677616e-03 2.0649489015e-02 -4.8917070962e-03 -6.5162410028e-03 -1.9753783941e-02 1.7962299287e-02 -4.8656266183e-02 2.5929524563e-03 -2.5270625949e-02 -4.8385094851e-02 -4.7373687848e-03 3.7696496584e-03 -2.8837812351e-05 5.2902749740e-03 1.1547725648e-02 -4.7280717641e-02 1.8374635279e-01 1.2550700922e-03 -4.3859323487e-03 1.2362896465e-02 -6.8550452590e-02 8.8001089171e-03 3.7280187011e-02 2.3739999160e-03 4.4948742725e-03 7.9691794235e-04
2.5019697845e-02 1.0980065912e-01 7.1776905097e-03 4.1939746588e-02 -5.9521563351e-02 5.5754650384e-02 3.0885435641e-02 2.8188247234e-02 -2.8350781649e-02 -4.0523961186e-02 -1.3400140405e-01 4.0025547147e-02 1.0068462044e-01 -3.3714301884e-02 1.5077511966e-01 7.6637893915e-02 2.5202134624e-02 -1.8854051828e-02 2.0955454558e-02 -2.0529747009e-02 1.4267738909e-02 -6.2026113272e-02 1.2607452273e-01 1.3278063387e-02 -8.8598094881e-03 -4.7478642315e-02 -6.3111022115e-02 5.8330927044e-02 1.1573404819e-01 -5.7497855276e-02 4.2103175074e-02 -3.8825962692e-02
3.4703279380e-03 1.1939091235e-01 4.1447076364e-04 5.5423108861e-03 -9.4856424257e-03 1.5576417744e-01 3.6043454893e-03 3.8168085739e-03 -3.0596344732e-03 -5.1372982562e-03 -1.0365586728e-02 5.7970578782e-03 1.1255832389e-02 -3.4235187341e-03 1.6046686098e-02 1.3220228255e-01 4.0045613423e-03 -2.0726779476e-03 2.4108998477e-03 -1.9508907571e-03 1.7955735093e-03 -4.3598413467e-03 5.0140239298e-02 7.5272587128e-04 -9.8145881202e-04 -4.1498499922e-03 -6.9158159196e-02 6.8825762719e-03 1.0830684006e-01 -8.2028806210e-03 4.5227701776e-03 -3.8757715374e-03
1.7010757700e-02 1.0484723002e-01 -1.8411899218e-03 7.8715756536e-03 2.8118902817e-02 2.4612718821e-01 4.1006514803e-03 2.7350975201e-02 -4.0302528068e-03 7.8372452408e-03 -4.4864296913e-02 7.6520978473e-03 -7.6136547141e-03 -2.4581234902e-03 3.7622082978e-02 2.4716062844e-01 -1.6707926989e-03 -1.4835542243e-04 6.9247833453e-03 -2.0656867418e-03 1.0528266430e-02 3.5005930113e-04 5.2868299186e-02 -2.8586073313e-04 -2.0169336349e-03 -1.0350563563e-02 -5.3971733898e-02 2.2302921861e-02 1.0672669858e-01 1.0312689468e-02 3.5116216168e-03 4.0599713102e-03
9.2162245512e-01 5.3415834904e-01 4.1415798664e-01 -4.7466341406e-02 1.8297680616e+00 1.3503504992e+00 -6.4445424080e-01 -8.8064059615e-02 1.7911443114e-01 -1.5657953024e+00 -1.7715438604e+00 3.4879702330e-01 7.4923920631e-01 1.4514735937e+00 -1.2729982138e+00 -1.0258743763e+00 7.6155579090e-01 3.5380461812e-01 -3.3185288310e-01 6.3129073381e-01 -1.4971588850e+00 -1.4695245028e+00 -2.8244197369e-01 -3.5166591406e-01 2.3308236897e-01 -6.9554960728e-01 9.5151640475e-02 -3.4725430012e+00 -8.4621983767e-01 -1.3849847317e+00 -1.2364804745e+00 1.2830263376e+00
