-6.1954081059e-01 6.5121538937e-02 -6.3033409417e-02 3.3940888941e-02 -1.9586762786e-01
4.3656210899e+00 1.0015202761e+00 -1.4456148148e+00 -1.8175143003e+00 7.5698769093e-01
3.0887079239e+00 9.0691471100e-01 7.9975289106e-01 -1.3474267960e+01 5.2665996552e-01
8.6978638172e-01 1.2886972427e+00 6.4675822854e-02 -1.4588069916e-01 4.3487545848e-01
-2.5221753120e+00 -2.9974263906e-01 8.7311901152e-02 2.4824114144e-01 -7.1780818701e-01
2.5245833397e+00 1.3763406277e+00 4.5087239146e-01 -1.3600435853e-01 -5.5007290840e-01
-1.5993409157e+00 -5.3677922487e-01 -8.6793571711e-02 -7.9249758273e-03 5.1265722141e-03
-8.5482364893e-01 2.8194647282e-02 -2.0212753117e-01 -6.3962988555e-02 -3.7760809064e-01
3.6852109432e+00 -3.0886602402e+00 1.5876780450e-01 1.2272563577e-01 2.6281895638e+00
2.7633867264e+00 1.2297176123e+00 5.7962608337e-01 -1.4466077805e+01 1.2691098452e-01
4.2615407705e-01 -1.4087049663e-01 -2.2936796188e+01 3.2229267120e+01 1.0250968486e-01
5.3989152908e+00 1.9944272041e+00 -1.9616624117e+00 6.4557905197e+00 2.1371403337e-01
-2.2384934425e+00 -7.8157716990e-01 -3.1679722667e-01 -3.4408420324e-02 1.0857434273e+00
4.9227318168e-01 1.2561817467e-01 -2.9987201691e+01 4.0432060242e+01 2.8338721022e-02
-5.3668636084e-01 -9.4040773809e-02 -6.1152841896e-02 -2.9316151142e-01 -9.4919338822e-02
-2.1901640892e+00 -9.7312748432e-01 1.2752258778e-01 2.8056055307e-01 1.8213182688e-01
3.8922164440e+00 1.5916996002e+00 -1.8166188896e-01 -2.4382486939e-01 -1.9399225712e-01
2.4029800892e+00 1.3502357006e+00 -5.5044054985e-01 -3.5145437717e-01 -4.3607339263e-01
1.0566862822e+00 7.8424316645e-01 -2.3731909692e-01 -2.2545138001e-01 1.6353948414e-01
-3.1055011749e+00 -1.0984476805e+00 -9.8721027374e-02 1.8482553959e-01 1.1196579784e-01
2.3573181629e+00 1.1542936563e+00 -2.6015189290e-01 -1.6675107181e-01 -2.9194870591e-01
-4.6858110428e+00 -1.7843376398e+00 -9.3276821077e-02 2.7160573006e-01 -4.1809670627e-02
-2.1709829569e-01 -7.8383928537e-01 1.1169285513e-02 7.9933099449e-02 1.4817019701e+00
-2.0367615223e+00 -8.9516341686e-01 6.5094560385e-01 2.3820415139e-01 1.5439209342e-01
2.2440489382e-02 -6.9962032139e-02 2.5716470554e-03 -2.9461712111e-03 6.0113307089e-02
-3.6494150162e+00 -1.4091526270e+00 -5.4581135511e-01 1.4679837227e-01 -3.6412270274e-03
-5.1374087334e+00 -2.0684192181e+00 2.2321125492e-02 2.3339059949e-01 1.7835417390e-01
2.0907273293e+00 -4.3507665396e-01 -1.3650421798e-01 -3.7331696600e-02 5.1824605465e-01
3.8439130783e+00 1.4686847925e+00 -6.7766863108e-01 6.0714244843e-02 -9.5429504290e-03
2.5080337524e+00 1.1592503786e+00 7.5931477547e-01 1.1883745342e-01 -2.2283235192e-01
3.5866007805e+00 -2.5770339966e+00 1.7267286777e-01 1.2430904806e-01 2.2400867939e+00
-4.1601285934e+00 -1.5728541613e+00 1.4590805769e-01 1.4264397621e+00 2.6797482278e-03
