5.2564009820e-05
5.2394776139e-04
-6.7326507997e-04
-2.3890847806e-03
3.0774882180e-04
1.9093453011e-04
1.4604828903e-04
-6.4763014961e-05
-2.1007984469e-04
1.5153967252e-04
2.6988980244e-04
-7.2163595178e-05
2.7148693334e-05
-2.6211759541e-03
2.9046460986e-03
-1.2855699752e-03
1.2659056811e-03
6.1999133322e-04
-1.1683585035e-04
2.4688232224e-04
-1.2085357594e-04
-1.6158717335e-04
-1.0148450965e-03
6.9258523581e-05
2.1327328868e-03
-1.0878221365e-03
-4.2417010991e-04
2.7657664032e-04
-6.6595290264e-05
-4.1789162788e-04
-8.2194391871e-04
1.0554481996e-03
-8.4075157065e-04
-3.4859274365e-06
-1.8899637507e-03
-2.3279820743e-04
2.0466879942e-03
-2.4619523901e-04
-1.6850182146e-04
4.2141689919e-03
4.7576655634e-03
-4.3614362366e-03
-2.7041582507e-04
4.0025077760e-03
2.8131743893e-03
1.5554812551e-01
1.1412678286e-03
-7.7094504377e-04
-1.8962817267e-03
-3.6257330794e-04
-3.6404101411e-04
-1.2804799480e-03
8.0220261589e-04
-2.3492469336e-04
2.9238665011e-03
1.5280129446e-04
-3.1472383998e-03
-6.6620972939e-04
1.7721007680e-05
1.4481260441e-03
1.5248053242e-03
2.0775660232e-05
-1.2810406042e-04
3.6133706453e-04
-2.1341894753e-03
1.6013322165e-03
1.6758322017e-03
6.3522031996e-04
-1.4595192624e-04
1.3594162883e-03
-1.5556922881e-03
-1.8440287386e-04
-1.1934414943e-05
-1.1858325452e-03
-1.3196218060e-04
-8.3141763753e-05
1.3486576499e-03
-6.6947226878e-04
-3.0556765851e-03
8.6792437360e-03
2.5835535489e-03
1.8324635457e-03
-3.1701699481e-04
-6.5727697802e-05
6.5132795135e-04
-7.9849938629e-04
-1.5785894357e-04
-1.0555497283e-04
6.4487603959e-04
1.7658426659e-03
-2.6377267204e-04
-4.2067351751e-04
9.5818709815e-04
-8.6323205323e-05
-5.4005704442e-05
-7.6406484004e-04
7.7272701310e-04
1.1602041312e-02
5.1331374561e-04
7.6965217886e-05
-1.2897304259e-02
5.5852038786e-03
1.6078766203e-03
5.4403429385e-04
-6.1310209276e-05
-1.4839234063e-04
-2.1514650434e-03
-2.1156412913e-05
-9.5632802695e-03
-1.3748240890e-03
2.6730427635e-05
7.7258003876e-04
2.3224621546e-03
-3.0005949156e-05
1.3062012149e-03
-2.2533789161e-04
3.8246461190e-04
2.0577877876e-04
1.9163668621e-03
7.8991317423e-05
-7.5751333497e-05
-4.6594035666e-05
1.7501531402e-03
2.8309447225e-03
-2.5585005642e-04
2.5110859424e-03
-3.7311634514e-04
3.2345359214e-03
