4.3835186958e+00 1.3961687088e+00 2.9203790426e-01 -2.9125496745e-01 2.9695400596e-01
2.6585776359e-02 -5.2329349518e-01 7.4707850814e-02 3.1791474670e-02 5.8451902866e-01
6.8808294833e-02 -6.3833844662e-01 -5.0478726625e-01 1.4007677138e-01 -2.2062742710e+00
-4.9159843475e-02 -4.0414411575e-02 1.2553036213e-01 6.8952426314e-02 7.9137146473e-01
2.1124872728e-04 5.6460907217e-04 -1.1426068377e-03 5.5843498558e-04 -6.4369640313e-04
-6.9930526661e-04 1.1129559018e-02 1.2469115900e-03 -6.1238295166e-04 -1.0385281406e-02
1.1892957846e-03 3.0819182284e-03 7.5436494080e-04 3.6459052353e-04 -2.8471744154e-03
-1.3637343645e+00 -8.8997215033e-01 3.5552373528e-01 -1.9774930552e-02 1.7688935995e-01
-4.9699903466e-03 3.2785709947e-02 3.8499904331e-03 -3.2589217881e-04 -2.4653222412e-02
3.6351192743e-02 6.5234684944e-01 -8.7003611028e-02 5.4857873917e-01 -3.4842118621e-01
1.5200375346e-03 -4.3863910832e-04 -1.4244529884e-03 1.1724889046e-03 1.2058470165e-03
-3.2819196582e-02 5.1711350679e-01 -7.7575318515e-02 -5.1786597818e-02 -5.9869486094e-01
4.8201475292e-03 -3.2138898969e-02 -3.7587182596e-03 3.7491088733e-04 2.4412579834e-02
-2.4774030317e-03 -1.5057242708e-03 -5.4647424258e-04 2.9442671803e-04 6.2771834200e-04
-6.7562800646e-01 6.9183123112e-01 -1.7582233995e-02 2.3880004883e-01 -1.1583316326e+00
-6.8411864340e-03 4.3997356296e-01 -5.0423763692e-02 -2.6648255065e-02 -4.3897178769e-01
-5.1314180018e-04 1.0398021899e-02 7.0256640902e-04 -5.0946022384e-04 -9.4221187755e-03
-1.9438121468e-02 2.0569053292e-01 -5.1505812444e-03 -6.3891322352e-03 -1.9721384346e-01
-2.1070828661e-03 2.3874394596e-02 2.8217576910e-03 -1.6559106298e-03 -1.9802857190e-02
-1.1879788637e+00 6.6165274382e-01 9.4403997064e-02 4.2302761227e-02 -1.5124189854e+00
-1.8566871586e-04 -9.1620720923e-03 -1.8049117643e-03 8.2244165242e-04 8.7641961873e-03
-3.0519697815e-02 6.2707579136e-01 -1.0067145526e-01 -6.4704693854e-02 -7.2957909107e-01
-2.0686276257e-02 1.9384431839e-01 -3.0458162073e-03 -2.6561708655e-03 -1.6831453145e-01
-5.0772231771e-04 9.3449549749e-03 9.7019469831e-04 -2.4862922146e-04 -8.6732059717e-03
-1.5100321770e+00 1.9470138848e-01 -1.4598415792e-01 4.5850101113e-01 -9.6293908358e-01
-7.0966297062e-04 -2.2905282676e-03 -5.2617926849e-04 1.3381763711e-04 2.2629117593e-03
-7.5288735330e-02 1.3915067911e-01 1.5441897511e-01 4.4383417815e-02 7.9610425234e-01
-2.3962432519e-02 6.5394574404e-01 -1.0092346370e-01 -6.0160707682e-02 -7.4109482765e-01
5.1409766078e-02 -6.1429846287e-01 1.1123430729e-01 -1.4560784400e-01 7.0778214931e-01
-1.2145005167e-03 -5.3466516733e-01 8.6932919919e-02 3.4087795019e-01 5.4646414518e-01
-2.5522981305e-03 3.1033691764e-01 -4.5175045729e-02 -3.1672101468e-02 -2.2619846463e-01
5.0440675113e-04 4.7136303037e-03 4.6349031618e-04 -6.5416493453e-04 -4.4842492789e-03
1.0900894180e-02 -1.2757840753e-01 -1.6216656659e-03 1.2163863285e-03 1.1094715446e-01
4.7425790690e-03 -3.4382447600e-02 -2.6249948423e-03 1.2949226657e-03 2.5879357010e-02
3.1712608337e+00 1.0982823372e+00 8.8005650043e-01 -1.8874381781e+00 5.4439403117e-02
-1.9730045460e-03 2.2994650528e-02 2.8151581064e-03 -1.6631134786e-03 -1.9165651873e-02
-1.3974970579e+00 -2.5750871748e-02 7.1292859316e-01 -4.9629356712e-02 -5.5372470617e-01
-2.3941802792e-03 1.8460061401e-02 3.1805173494e-03 -1.4572265791e-03 -1.7685087398e-02
-8.9995440794e-04 1.1539005674e-02 8.5530424258e-04 -8.6325325537e-04 -1.0373077355e-02
-6.4474582672e-02 -8.8572603464e-01 1.3095964096e-04 -6.0050897300e-03 1.2834049463e+00
4.9758874811e-03 -3.2595805824e-02 -3.9755310863e-03 3.6745550460e-04 2.4335596710e-02
8.5210129619e-03 -1.1128470302e-01 4.2102998123e-03 1.4621129958e-03 1.0566728562e-01
1.2788460590e-02 -1.4445333183e-01 1.6103266971e-03 4.4120214880e-03 1.2577381730e-01
-3.7096715532e-03 3.7606183439e-02 -6.7646638490e-04 -3.8531743921e-03 -3.1099587679e-02
1.0604797862e-02 -1.4519239962e-01 1.6453083605e-02 9.8057519644e-03 1.5418009460e-01
2.3614239693e+00 4.6722191572e-01 -6.2131345272e-01 1.8472552299e-01 4.3245649338e-01
-2.8280420229e-02 3.7034416199e-01 -4.3652441353e-02 6.8567815470e-04 -3.4273079038e-01
1.9301043823e-02 -2.0412009954e-01 1.1763052316e-03 -1.6211267794e-03 1.5787512064e-01
-3.3476568758e-02 2.6985147595e-01 5.0583099946e-03 -1.1144236661e-02 -2.7584794164e-01
-1.0841639014e-03 1.5235000290e-02 1.9791848026e-03 -3.9447093150e-04 -1.3117647730e-02
1.0848591104e-02 -1.2211116403e-01 2.3104767315e-03 4.1573708877e-03 1.1062452942e-01
3.9439937100e-03 -2.6451425627e-02 -3.5542333499e-03 6.0348026454e-04 2.0047303289e-02
-1.7898975639e-03 -2.0404923707e-03 -7.3602853809e-04 -2.6667470229e-04 1.7743437784e-03
1.1957858689e-02 4.2038813233e-01 -5.0878431648e-02 -8.9243128896e-02 -4.0238314867e-01
2.3560568690e-02 7.6972150803e-01 -2.5669878349e-02 -1.2050902296e-04 8.1353254616e-02
2.4898323417e-01 3.2786395401e-02 -2.3594860733e-01 5.3119868040e-01 -3.8182181120e-01
1.7351115821e-04 7.6551089296e-04 -1.1164227035e-03 5.0745025510e-04 -8.1835495075e-04
-4.1540530510e-03 2.7792405337e-02 3.5104772542e-03 -5.5935472483e-04 -2.1027123556e-02
-2.7615172863e+00 -8.5561388731e-01 1.7852695286e-01 -4.1963305557e-04 -6.1711277813e-02
-2.0558310673e-02 4.7624769807e-01 -4.6445149928e-02 -2.4181559682e-02 -4.7101932764e-01
2.3943760395e+00 1.4229255915e+00 6.7856055498e-01 -1.8425565958e+00 -4.5039516687e-01
-8.8295312598e-03 1.1310660839e-01 -6.7428178154e-03 -4.6584624797e-03 -1.0790084302e-01
-1.2517715804e-02 6.6177189350e-02 4.3659857474e-03 -6.4501301385e-03 -4.6443432570e-02
1.0100360960e-02 -6.4734712243e-02 -1.4965613373e-03 7.2049396113e-03 4.9322962761e-02
4.0365878493e-02 -5.7634776831e-01 1.0859903693e-01 1.0215871781e-01 7.3039513826e-01
6.4336679876e-02 -6.9070076942e-01 1.6739998758e-01 -4.8251658678e-02 9.3391942978e-01
4.1748238727e-03 -2.8627473861e-02 -3.1427321956e-03 7.9241121421e-04 2.1701592952e-02
2.8430907056e-02 -2.1036577225e-01 2.2339253337e-04 2.5018609595e-03 1.9603204727e-01
-8.8777784258e-03 2.3071962595e-01 -1.3476497261e-03 -5.1753240405e-04 -1.7959180474e-01
2.5173032656e-02 -1.9938084483e-01 5.1131164655e-03 3.5217525437e-03 1.8752075732e-01
-6.9271062966e-04 -1.7340064514e-03 -4.9214652972e-04 6.8787805503e-04 1.6679828987e-03
2.5583140086e-04 5.9877769090e-03 5.1903584972e-04 -5.8598839678e-04 -5.6326831691e-03
-1.0598870516e+00 4.2903926969e-01 -9.0633910149e-03 -3.4176905174e-03 -3.4121793509e-01
3.5785343498e-02 -6.6426533461e-01 1.5069165826e-01 -2.2784017026e-01 7.9535740614e-01
-8.8208340108e-02 6.5926104784e-01 1.8610297143e-01 6.6541127861e-02 1.0172294378e+00
1.5101853758e-02 -1.7372667789e-01 6.6609829664e-03 7.7468710952e-03 1.7353048921e-01
1.2278300524e-01 -8.9895218611e-01 3.1289565563e-01 -5.6564986706e-01 1.4527678490e+00
4.6075056307e-03 -3.1053781509e-02 -3.3615017310e-03 1.7219173023e-03 2.5081397966e-02
3.9258611202e+00 1.6240543127e+00 2.0375804603e-01 -2.2960935533e-01 -1.2926897407e-01
7.2838825872e-04 -3.6967033520e-04 -1.2555113062e-03 7.7114492888e-04 5.3482945077e-04
-1.0411483049e+00 2.6739779115e-01 5.4298162460e-01 4.9546295404e-01 -8.1657618284e-01
-1.5104763210e-02 2.4783132970e-01 7.3116822168e-03 1.3997981325e-02 -1.2474966794e-01
8.3923321217e-03 -1.4981698990e-01 2.7897958644e-03 2.4492733646e-03 1.4470204711e-01
1.2555797398e-01 -9.0499830246e-01 3.3698782325e-01 7.8934139013e-01 1.7223578691e+00
-7.2487480938e-02 8.1585860252e-01 -1.7742872238e-01 -8.9529640973e-02 -1.0729917288e+00
-9.3292221427e-02 3.0574968457e-01 1.2756498158e-01 7.8417375684e-02 6.0784220695e-01
5.0383348465e+00 2.1701931953e+00 1.7625463009e-01 -1.7558758259e+00 -3.2039678097e-01
6.4786061645e-02 -3.2088082284e-02 -1.0017296672e-01 -3.5523358732e-02 -6.9177293777e-01
-5.8227580786e-01 5.9921956062e-01 3.2243809104e-01 3.3371187747e-02 -1.0626008511e+00
7.3959917063e-04 -5.8612885186e-04 -1.2892354280e-03 8.3010032540e-04 7.5084151467e-04
-1.6905795783e-02 3.1567871571e-01 -1.5565318055e-02 -2.1608738229e-02 -2.6982286572e-01
1.5426510572e+00 -3.6010321975e-01 -3.1470915675e-01 -1.6973271966e-01 6.7712116241e-01
-7.6167576015e-02 8.5709643364e-01 -1.7951707542e-01 -1.1741298437e-01 -1.0884454250e+00
5.7845800184e-03 5.8577257395e-01 -8.1125505269e-02 -6.9249552488e-01 -5.6958472729e-01
-2.3627256975e-02 2.0200622082e-01 -2.7940783184e-03 3.1118770130e-03 -1.7120237648e-01
-1.1735331267e-02 2.3043094575e-01 2.2398920264e-03 -9.7760064527e-03 -1.3750407100e-01
-3.0157849789e+00 -1.2721191645e+00 -5.9726661444e-01 1.7868185043e+00 1.6554890573e-01
-4.7950553708e-03 3.1297553331e-02 4.0121600032e-03 -2.7388409944e-04 -2.3339653388e-02
1.6292942688e-02 -8.9664809406e-02 -2.6312605478e-03 8.5647199303e-03 6.3817426562e-02
7.0661450736e-03 -4.6798009425e-02 -3.3028202597e-03 2.6511417236e-03 3.6089118570e-02
1.5411941335e-02 -2.7782601118e-01 1.7676457763e-02 3.9468249306e-03 2.3422205448e-01
-2.7328369617e+00 -8.2487607002e-01 3.2596626878e-01 7.0647811890e-01 -2.2502039373e-01
-2.4954032153e-02 -8.3689570427e-02 1.1888653040e-01 6.9605097175e-02 7.5048089027e-01
-1.8399628401e+00 -6.9217538834e-01 6.3959009945e-02 -2.4780394509e-02 6.2053322792e-02
-6.5080188215e-02 6.0633528233e-01 -2.0012657344e-01 -1.2081800401e-01 -1.0431758165e+00
-9.9074319005e-02 9.9021881819e-01 -2.6324498653e-01 -2.1013894677e-01 -1.3276618719e+00
1.6701953486e-02 -1.0446682572e-01 3.9604129270e-03 1.2634694576e-02 8.9297555387e-02
-1.0038086176e+00 -8.1083303690e-01 -3.3651059866e-01 1.9298406839e+00 3.1198835373e-01
4.7114249319e-03 4.7878077626e-01 -5.8641333133e-02 -4.2072571814e-02 -4.5312350988e-01
-3.1887955964e-02 5.1695656776e-01 -6.9686263800e-02 -4.4926375151e-02 -5.6826943159e-01
3.9446707815e-03 -3.6854241043e-02 -4.4411636190e-04 3.0770038720e-03 2.9403755441e-02
6.6101481207e-03 -2.4910128117e-01 6.1763026752e-03 -1.0069374926e-02 1.7114441097e-01
9.6987152100e-01 6.3769865036e-01 3.3285284042e-01 -5.6247657537e-01 -1.0300534219e-01
-5.7684284449e-01 1.1067403555e+00 -8.0054961145e-02 -7.4165523052e-02 -1.9969376326e+00
-1.1423848867e+00 -2.0643360913e-01 8.9188605547e-01 -1.3482633829e+00 -2.1505038440e-01
4.3189708143e-02 -6.1837565899e-01 1.1446183920e-01 4.6811927110e-02 7.6586687565e-01
-3.5308664665e-03 2.5538885966e-02 2.9010807630e-03 -8.1643677549e-04 -1.9523967057e-02
5.7768856641e-04 1.3667751045e-04 6.9758755853e-04 -6.2914169393e-04 -2.2567081032e-04
-4.5278952457e-03 3.3768150955e-02 2.5395869743e-03 -1.8172953278e-03 -2.6758084074e-02
-1.3821647502e-02 8.0879367888e-02 1.0785727063e-03 -8.5516255349e-03 -6.2554128468e-02
3.5720064640e+00 1.5265841484e+00 -1.5827167034e-01 -1.3412481546e+00 -1.6782842577e-01
-7.5242277235e-03 2.1454837918e-01 -1.0480052978e-01 -4.6433426440e-02 -7.0393168926e-01
3.1865239143e+00 1.0297936201e+00 -2.9856729507e-01 -1.2686350346e+00 1.6955092549e-01
1.1197304726e-01 7.7941077948e-01 -1.5503419936e-01 -5.0434082747e-01 -5.7208478451e-01
-4.2599089444e-02 6.4483606815e-01 -1.1260340363e-01 -6.6978633404e-02 -7.1644073725e-01
-4.9857661361e-04 4.3057545554e-04 1.6475524753e-03 -4.0453774272e-04 -4.1023793165e-04
-5.5428210646e-02 6.5215247869e-01 -1.0943029076e-01 -6.3972666860e-02 -8.2141184807e-01
5.8371216059e-02 -7.7676850557e-01 1.3388364017e-01 6.5918408334e-02 8.9762496948e-01
