1.3653045893e-01
-1.3002224267e-02
4.9648918211e-03
-3.2179236412e-02
2.1582574118e-03
-3.1859394908e-01
1.7895139754e-01
1.1867955327e-02
-2.6441614609e-03
-8.7085433304e-02
1.6410283279e-03
-2.1607000381e-03
4.0807474405e-02
-1.0482862592e-02
7.9613134265e-02
1.2103295885e-02
-2.5955885649e-03
3.6214198917e-04
3.7939515896e-03
2.1590292454e-02
1.1020490900e-02
8.6626401171e-03
-2.2232551128e-03
-1.4148090035e-02
-6.7893364467e-03
-2.3450525478e-03
8.7584434077e-03
4.5407982543e-03
-7.7321943827e-03
-2.3934654891e-03
-8.3649763837e-03
-3.4603618551e-03
-7.1867935359e-02
-1.3930713758e-03
-2.8967922553e-02
-2.4072723463e-03
6.8445787765e-03
2.6250681840e-03
-5.2017350681e-03
-1.8188370392e-02
-1.6436785460e-02
-4.8965066671e-03
-1.1008706875e-02
1.0795605369e-02
4.4604171999e-03
1.6797322780e-02
-1.9853889942e-02
-5.3365183994e-03
1.4558644965e-02
3.8551327307e-03
-2.0565714221e-03
-2.0908930898e-01
-2.9042731039e-03
9.0386637021e-04
-1.2460908620e-03
-6.5883356147e-03
-1.9906675443e-02
7.9027200118e-03
-2.8870361857e-03
6.2069050036e-03
9.9580576643e-03
-7.6850712299e-02
5.5619883351e-03
3.0730343424e-03
-3.0276875477e-03
-1.0735716671e-02
2.0766304806e-03
5.0780442543e-03
-1.7675869167e-02
-3.2000645995e-02
-1.6081344336e-02
-1.1835942976e-02
1.1087539047e-01
1.9417030737e-02
1.4820715412e-02
3.1452106778e-03
3.4996103495e-03
-5.6820092723e-03
-1.0493838228e-02
-2.9852311127e-03
-6.9454461336e-03
6.2338025309e-03
-7.6404418796e-03
-3.3042815328e-01
-1.6827698797e-02
-2.0445782691e-02
4.4235633686e-03
-1.2545096688e-03
-1.2932643294e-02
1.2296715751e-02
-2.7086222544e-03
-2.6645496488e-02
-2.2411704063e-02
2.0410124213e-02
-4.6509392560e-03
8.1429900602e-03
6.6108168103e-03
8.8032977656e-03
2.2595687769e-03
-1.2102604844e-02
7.1778926067e-03
-2.4160211906e-02
1.3800634071e-02
7.3457839899e-03
-5.7930788025e-03
-1.9373374060e-02
-5.2188616246e-04
-9.9145369604e-03
-7.2054257616e-03
1.3392515481e-02
-1.8923165277e-02
-8.6030155420e-02
-4.6754190698e-03
9.6939662471e-03
1.0823969729e-02
6.4867343754e-03
-4.1367621161e-03
-1.3268050551e-01
7.7121136710e-03
2.0793931559e-02
-6.0228733346e-03
-1.1730167083e-02
-2.6610472705e-03
-9.7263548523e-03
6.3796858303e-03
-3.1673754565e-03
-1.3458507136e-02
-4.8806164414e-02
