6.2049138546e-01
4.7892618924e-02
-1.2155773640e+00
2.8003898263e-01
-3.0065079045e-05
1.9548721611e-03
8.5515546380e-04
-3.1735146046e-01
5.9953695163e-03
1.5157143772e-01
-2.3042586690e-04
-3.6441657692e-02
-5.9161852114e-03
-4.7342543257e-04
9.6597276628e-02
-2.2729257122e-02
2.1307489369e-03
6.9578716648e-05
4.0492895059e-03
-2.1276912093e-01
-1.6282179859e-03
-8.6899518967e-02
4.2656823061e-03
1.9653795753e-03
5.6709188968e-02
-6.9763703505e-04
5.0323396921e-01
-1.6869416833e-01
-2.3039761931e-02
1.4007042162e-02
-7.6273670420e-03
1.2448868947e-03
-6.2996512279e-03
-6.2723066658e-03
4.2560717463e-01
3.9125191979e-03
-9.0108655393e-02
4.0132743306e-03
2.4827313609e-03
-2.3512979969e-02
-5.9603299014e-03
-3.7545736413e-03
-7.0078093559e-03
6.0735307634e-03
4.4773435220e-03
2.5012817979e-01
-2.9084647074e-02
-8.1596747041e-03
-2.0830089226e-02
2.6825347450e-03
-5.7294624858e-03
-5.3819860332e-03
-5.7130859932e-04
1.7711171880e-02
4.9904829264e-01
-3.1083220243e-01
7.3499063546e-06
5.5767572485e-03
-4.3786180019e-01
-6.4036063850e-02
4.6640491486e-01
3.9600785822e-03
1.1201182380e-02
-9.9120242521e-03
2.7434758842e-02
6.2991626561e-02
-5.7376623154e-03
-4.0090065449e-03
5.9801656753e-03
-4.9630491994e-03
-5.2884686738e-04
1.5409643529e-03
-7.2745311260e-01
-6.4716331661e-02
-8.8052945212e-03
4.8412836622e-04
-8.3716481924e-02
-5.9121428058e-03
5.2221494913e-01
-2.2445592913e-04
-1.7890696228e-01
8.1350477412e-03
-1.1191852391e-03
-1.5199273825e-01
-2.6393067837e-01
2.4036148190e-01
6.9462972879e-01
-3.3066603541e-01
-1.6307426989e-01
-2.7439641417e-04
-1.2492826208e-02
7.3551732302e-01
-2.8339287639e-01
4.0040304884e-03
7.5617204420e-03
6.7119947635e-03
-4.3843030930e-01
5.7994159870e-03
-1.3647040352e-02
-7.2709172964e-03
3.5682427697e-03
-3.3673512936e-01
2.5614130497e-01
-9.8635526374e-03
-1.5055984259e-01
-2.0222629607e-01
-1.4110187069e-02
-1.3779413700e-01
-5.3961511701e-02
-7.5421661139e-02
-6.1824764125e-03
-1.0040234774e-02
2.5043684244e-01
-6.5273605287e-02
1.5674196184e-01
6.5718553960e-02
5.2308859304e-03
-1.3110076543e-04
6.2690391205e-03
1.2216704898e-02
4.9805787206e-01
-2.0336453617e-01
3.9919286966e-01
3.3234938979e-01
-1.7426376045e-01
2.2318281117e-04
-1.3657094538e-01
2.6096493006e-01
